1,42756
2,18070
3,10444
4,7224
5,5456
6,4258
7,3423
8,2844
9,2527
10,2215
11,1823
12,1697
13,1498
14,1394
15,1307
16,1111
17,1014
18,950
19,843
20,823
21,805
22,756
24,666
23,641
25,606
26,595
27,548
28,521
29,512
30,480
31,461
32,429
34,390
36,384
33,369
39,341
35,339
38,335
37,315
40,314
45,285
41,281
47,266
43,265
42,263
46,246
49,243
44,229
48,226
56,210
52,205
53,203
51,200
50,197
57,189
58,186
55,185
60,182
54,180
62,159
65,157
59,156
61,156
67,151
70,151
63,144
68,141
64,139
73,133
69,133
78,129
72,128
81,124
76,121
71,120
84,115
75,114
66,113
77,111
74,110
87,110
85,109
80,108
83,106
79,104
86,103
95,94
89,93
103,92
82,92
94,92
88,91
90,90
98,90
106,87
91,87
99,82
113,81
96,81
104,81
93,80
109,79
101,78
100,76
102,76
112,73
116,73
129,72
114,70
117,68
92,68
97,67
127,67
111,66
118,66
119,66
122,64
123,64
139,64
105,63
107,63
133,60
110,60
108,58
135,57
134,56
140,56
120,55
124,55
128,53
131,53
130,52
142,52
143,52
154,50
151,50
121,50
126,49
115,48
144,48
161,48
125,47
136,46
176,46
137,46
150,45
138,45
146,45
145,45
132,44
164,44
158,43
178,43
149,43
156,43
163,43
187,42
157,42
141,42
153,41
152,41
155,40
148,40
173,38
160,37
159,37
171,37
166,36
185,35
186,34
165,34
180,34
167,33
147,33
162,33
172,32
168,32
181,32
182,32
175,32
202,32
183,31
212,31
194,31
196,30
189,30
188,29
197,29
215,29
233,29
174,28
169,28
217,28
199,28
191,27
184,27
223,27
200,27
170,27
211,27
198,26
209,26
273,26
190,26
179,26
205,26
192,25
252,25
261,25
230,25
232,25
214,24
204,24
226,24
235,24
247,24
243,23
250,23
251,23
272,23
208,23
193,23
337,22
213,22
224,22
210,22
229,22
203,22
227,22
241,21
248,21
240,21
284,21
218,21
245,21
207,20
195,20
253,20
216,20
221,20
222,19
385,19
257,19
219,19
352,19
206,19
274,19
259,19
334,19
238,19
278,18
296,18
237,18
231,18
254,18
276,18
239,18
262,18
281,18
351,18
258,18
277,17
228,17
308,17
412,17
298,17
269,17
177,17
255,17
293,16
283,16
289,16
234,16
236,16
249,16
329,16
330,15
246,15
413,15
307,15
341,15
346,15
318,15
201,15
295,15
291,15
344,15
244,15
466,15
270,14
225,14
242,14
220,14
264,14
302,14
279,14
310,14
314,14
265,14
300,14
312,14
263,14
288,14
275,14
266,14
280,14
333,13
297,13
366,13
421,13
343,13
388,13
378,13
376,13
502,13
368,13
356,13
332,13
327,13
372,13
393,13
322,13
286,13
256,13
359,13
387,13
458,12
324,12
382,12
350,12
294,12
260,12
446,12
365,12
271,12
474,11
367,11
287,11
402,11
451,11
282,11
285,11
315,11
401,11
417,11
467,11
339,11
433,11
311,11
431,11
292,11
267,11
340,11
380,11
268,11
424,11
316,11
384,11
319,11
406,11
328,11
442,10
493,10
305,10
304,10
301,10
317,10
303,10
482,10
290,10
400,10
407,10
358,10
505,10
309,10
345,10
381,10
369,10
520,10
353,10
595,10
355,10
543,10
512,10
325,9
361,9
455,9
404,9
489,9
627,9
313,9
389,9
454,9
362,9
377,9
515,9
371,9
432,9
370,9
342,9
374,9
449,9
409,9
510,9
354,9
488,9
498,8
434,8
608,8
438,8
410,8
323,8
422,8
336,8
484,8
524,8
408,8
321,8
395,8
590,8
562,8
326,8
403,8
697,8
473,8
331,8
494,8
427,8
375,8
399,8
544,8
461,8
390,8
418,7
730,7
588,7
564,7
741,7
761,7
481,7
396,7
737,7
513,7
516,7
453,7
859,7
364,7
860,7
349,7
834,7
320,7
680,7
748,7
357,7
584,7
398,7
456,7
469,7
550,7
848,7
459,7
504,7
426,7
440,7
715,7
486,7
487,7
677,7
657,7
567,7
470,7
335,7
363,7
373,7
558,6
299,6
602,6
508,6
780,6
509,6
592,6
405,6
599,6
794,6
1006,6
439,6
631,6
514,6
775,6
560,6
548,6
411,6
908,6
522,6
778,6
568,6
722,6
452,6
447,6
694,6
379,6
619,6
394,6
531,6
739,6
613,6
338,6
526,6
703,6
642,6
554,6
528,6
392,6
641,6
383,6
435,6
576,6
475,6
547,6
1055,6
600,6
450,6
490,6
464,6
575,6
517,6
428,6
472,6
538,6
561,6
663,6
1028,6
457,6
556,6
419,6
500,6
521,6
360,6
495,6
645,6
348,5
847,5
347,5
653,5
618,5
605,5
1076,5
821,5
971,5
536,5
827,5
436,5
523,5
709,5
690,5
497,5
563,5
448,5
749,5
553,5
686,5
559,5
762,5
795,5
580,5
535,5
583,5
698,5
667,5
416,5
808,5
718,5
1151,5
625,5
423,5
499,5
637,5
462,5
928,5
955,5
672,5
968,5
425,5
445,5
630,5
1510,5
800,5
468,5
774,5
518,5
397,5
420,5
693,5
670,5
610,5
574,5
551,5
429,5
903,5
616,5
889,5
545,5
873,5
1411,5
566,5
614,5
664,5
492,5
507,5
533,5
809,5
541,4
720,4
530,4
849,4
952,4
668,4
594,4
463,4
549,4
391,4
700,4
814,4
1347,4
586,4
702,4
585,4
1292,4
869,4
711,4
503,4
986,4
745,4
501,4
1207,4
491,4
919,4
839,4
1039,4
612,4
1061,4
972,4
716,4
1080,4
639,4
596,4
712,4
838,4
441,4
927,4
731,4
525,4
786,4
1173,4
476,4
807,4
622,4
785,4
465,4
1036,4
925,4
699,4
704,4
443,4
756,4
854,4
897,4
920,4
598,4
864,4
601,4
692,4
565,4
542,4
878,4
743,4
978,4
1208,4
874,4
1266,4
945,4
1037,4
1287,4
977,4
430,4
1473,4
519,4
671,4
511,4
865,4
1206,4
649,4
714,4
678,4
460,4
1058,4
1072,4
793,4
828,4
852,4
1571,4
1412,4
581,4
635,4
555,4
934,4
1047,4
1445,4
1107,4
1361,4
947,4
540,4
471,4
820,4
1007,4
478,4
688,4
1169,4
651,4
772,4
888,4
717,4
1183,4
607,4
725,4
1017,4
938,3
3704,3
1371,3
2989,3
926,3
415,3
1738,3
831,3
414,3
623,3
1478,3
593,3
1087,3
806,3
768,3
652,3
948,3
537,3
1366,3
1097,3
1022,3
835,3
572,3
1353,3
858,3
970,3
779,3
992,3
841,3
1977,3
844,3
1730,3
529,3
624,3
1283,3
909,3
1079,3
1137,3
819,3
822,3
842,3
604,3
810,3
1568,3
782,3
1932,3
597,3
979,3
863,3
776,3
1126,3
824,3
479,3
915,3
760,3
579,3
1296,3
879,3
922,3
1056,3
943,3
872,3
658,3
2094,3
799,3
937,3
444,3
1674,3
483,3
1121,3
1085,3
1114,3
646,3
901,3
2682,3
904,3
832,3
3271,3
1014,3
767,3
1236,3
861,3
577,3
1046,3
1234,3
620,3
1030,3
1320,3
754,3
1762,3
830,3
853,3
650,3
773,3
962,3
1639,3
644,3
587,3
628,3
846,3
1078,3
805,3
765,3
1160,3
1101,3
918,3
931,3
1204,3
729,3
906,3
792,3
591,3
1291,3
626,3
877,3
589,3
621,3
648,3
609,3
723,3
582,3
708,3
851,3
661,3
1346,3
989,3
1158,3
758,3
1105,3
1648,3
753,3
1018,3
1533,3
750,3
1270,3
3723,3
578,3
534,3
569,3
721,3
633,3
1111,3
3359,3
871,3
2036,3
1517,3
735,3
570,3
1252,3
1650,3
1602,3
1099,3
787,3
2091,3
728,3
837,3
571,3
306,3
659,3
755,3
1515,3
1438,3
2616,3
882,3
789,3
477,3
1161,3
647,3
2529,2
1277,2
1010,2
1127,2
1690,2
705,2
6230,2
2371,2
1175,2
965,2
2403,2
1042,2
3484,2
1211,2
2607,2
606,2
991,2
2125,2
985,2
4129,2
2483,2
1749,2
1500,2
895,2
3638,2
2307,2
2255,2
796,2
959,2
2741,2
2287,2
1164,2
4294,2
891,2
2037,2
1545,2
3758,2
1426,2
546,2
3308,2
1328,2
675,2
1484,2
1177,2
701,2
1767,2
1511,2
1021,2
3848,2
3236,2
1487,2
988,2
995,2
4754,2
905,2
1635,2
1027,2
788,2
956,2
2427,2
1067,2
757,2
2246,2
1603,2
1159,2
1704,2
2576,2
1718,2
1843,2
1103,2
1399,2
1198,2
3869,2
656,2
1110,2
1302,2
638,2
734,2
496,2
845,2
1975,2
2022,2
1548,2
990,2
2472,2
875,2
2733,2
1356,2
1069,2
3420,2
2113,2
1794,2
1000,2
1066,2
784,2
3616,2
2663,2
2064,2
867,2
557,2
1237,2
953,2
673,2
2256,2
2033,2
2309,2
1329,2
1319,2
1606,2
1212,2
1269,2
1282,2
1612,2
1045,2
1734,2
636,2
1544,2
2063,2
1670,2
727,2
898,2
1380,2
2430,2
3654,2
603,2
5502,2
1913,2
8017,2
973,2
1462,2
1978,2
660,2
3984,2
1609,2
1741,2
1218,2
929,2
1257,2
1717,2
1054,2
632,2
679,2
1661,2
1575,2
681,2
1573,2
1197,2
1869,2
3313,2
1446,2
1560,2
890,2
1344,2
1626,2
732,2
1825,2
2330,2
506,2
684,2
2557,2
2220,2
1203,2
885,2
1314,2
1187,2
2205,2
1569,2
2778,2
2584,2
751,2
944,2
1075,2
8184,2
1436,2
2322,2
1284,2
719,2
816,2
836,2
2323,2
1430,2
2656,2
655,2
855,2
4678,2
2565,2
1397,2
2045,2
1378,2
1102,2
893,2
2302,2
1062,2
2564,2
1339,2
733,2
935,2
1968,2
2712,2
573,2
1984,2
1153,2
957,2
1227,2
982,2
1465,2
1481,2
710,2
1166,2
1154,2
2600,2
1300,2
1615,2
880,2
2016,2
1330,2
11780,2
2621,2
843,2
654,2
1765,2
993,2
1247,2
1742,2
1250,2
1190,2
2803,2
817,2
726,2
2954,2
2556,2
907,2
2704,2
866,2
6583,2
833,2
1948,2
3446,2
813,2
1474,2
1118,2
539,2
797,2
1832,2
1120,2
5591,2
1389,2
643,2
771,2
685,2
1029,2
1019,2
1229,2
1020,2
1943,2
5466,2
6947,2
1383,2
617,2
976,2
640,2
766,2
1785,2
1737,2
1777,2
1617,2
850,2
2347,2
1736,2
804,2
611,2
2642,2
683,2
552,2
951,2
6422,2
1308,2
1959,2
2459,2
2401,2
2844,2
999,2
1763,2
812,2
2428,2
5625,2
1527,2
532,2
1041,2
781,2
1365,2
1178,2
1390,2
1026,2
1094,2
11470,2
1483,2
1199,2
1052,2
1458,2
2370,2
998,2
1256,2
1519,2
1941,2
759,2
960,2
1401,2
910,2
1707,2
1293,2
1249,2
1351,2
2408,2
2068,2
1844,2
666,2
1032,2
1049,2
1262,2
1521,2
1057,2
3124,2
1860,2
706,2
629,2
3043,2
3539,2
2021,2
963,2
3655,2
2112,2
696,2
752,2
1073,2
1089,2
1108,2
1434,2
1012,2
713,2
2498,2
480,2
2137,2
1608,2
1479,2
883,2
1259,2
1098,2
1898,2
1476,2
744,2
2734,2
803,2
1725,2
7297,2
801,2
1001,2
1668,2
886,2
1235,2
2519,2
1070,2
1552,2
4590,1
964,1
5385,1
12044,1
5409,1
1677,1
15057,1
3806,1
2906,1
2895,1
1224,1
6401,1
3061,1
8636,1
1642,1
5617,1
49228,1
5079,1
3327,1
9632,1
2517,1
2598,1
1919,1
1463,1
4519,1
8509,1
2944,1
2520,1
1217,1
1782,1
25930,1
1280,1
14438,1
1447,1
4552,1
2857,1
6162,1
22612,1
1958,1
2157,1
4117,1
7215,1
5692,1
497705,1
12202,1
736,1
2672,1
1599,1
34171,1
2400,1
2878,1
2364,1
2175,1
1497,1
1983,1
1547,1
2882,1
8320,1
5025,1
42504,1
2966,1
1640,1
4235,1
2488,1
1526,1
2612,1
4187,1
724,1
78751,1
2263,1
9636,1
1398,1
2817,1
1345,1
1758,1
2092,1
1096,1
9651,1
3117,1
2461,1
6910,1
2690,1
2117,1
747,1
23491,1
2304,1
8465,1
17974,1
1518,1
8930,1
1423,1
4813,1
2044,1
437,1
1091,1
1801,1
14752,1
1248,1
5433,1
1125,1
98054,1
127772,1
11221,1
1496,1
6469,1
6588,1
12031,1
1419,1
740,1
2129,1
2904,1
4399,1
1167,1
2490,1
11260,1
1448,1
2417,1
2423,1
1402,1
3416,1
9828,1
9905,1
14503,1
31982,1
5738,1
1418,1
1171,1
18188,1
829,1
2693,1
1179,1
7336,1
12550,1
4921,1
1379,1
2145,1
11282,1
7627,1
1031,1
1063,1
5021,1
11944,1
3424,1
7465,1
11605,1
1954,1
13416,1
1303,1
3082,1
12895,1
2457,1
2331,1
4276,1
4832,1
8756,1
45917,1
11072,1
7252,1
4201,1
4744,1
13414,1
29662,1
3054,1
902,1
11937,1
56233,1
5363,1
5517,1
5495,1
4116,1
37694,1
1213,1
13791,1
93024,1
14670,1
2506,1
8279,1
4593,1
1074,1
1367,1
1132,1
2413,1
1787,1
8660,1
41588,1
3259,1
1163,1
61881,1
1774,1
11377,1
20154,1
3351,1
1015,1
6345,1
3402,1
2139,1
2343,1
1628,1
152177,1
3367,1
3388,1
1791,1
1750,1
3833,1
1086,1
10756,1
1162,1
25979,1
7490,1
15967,1
6199,1
110932,1
7938,1
6334,1
7634,1
1123,1
1318,1
4326,1
3001,1
5435,1
1375,1
6993,1
4070,1
2689,1
1109,1
840,1
6020,1
8584,1
5368,1
6014,1
36744,1
1304,1
11088,1
3529,1
2780,1
1914,1
1922,1
2103,1
90742,1
2150,1
1766,1
1415,1
8183,1
27377,1
1908,1
2080,1
1508,1
1297,1
6593,1
1733,1
3322,1
39302,1
36787,1
32543,1
5942,1
3486,1
7856,1
1141,1
2185,1
49709,1
4902,1
28296,1
12368,1
3664,1
1731,1
2043,1
11693,1
2026,1
1805,1
4018,1
13343,1
1452,1
1588,1
1779,1
8107,1
15698,1
6628,1
3320,1
9347,1
4114,1
1566,1
870,1
940,1
4654,1
5198,1
5974,1
777,1
3726,1
1005,1
2056,1
33952,1
13834,1
9283,1
8139,1
2251,1
9187,1
74161,1
13474,1
1189,1
5527,1
2120,1
1820,1
3663,1
1719,1
1751,1
1315,1
1565,1
2039,1
2601,1
2910,1
2155,1
3815,1
1620,1
6907,1
19759,1
3123,1
2243,1
2702,1
4341,1
2269,1
15260,1
7154,1
32568,1
2978,1
2861,1
14706,1
2783,1
683020,1
6786,1
7646,1
4696,1
2060,1
1990,1
6460,1
3470,1
1652,1
21847,1
4140,1
1645,1
1952,1
3301,1
2947,1
1819,1
6303,1
1439,1
6122,1
4661,1
12400,1
2794,1
2213,1
1929,1
3934,1
1288,1
4936,1
3194,1
1851,1
8838,1
1394,1
1755,1
669,1
2753,1
2218,1
5726,1
1092,1
8797,1
1147,1
1325,1
12378,1
8404,1
1587,1
1326,1
7692,1
11437,1
13315,1
6160,1
12546,1
1813,1
3127,1
1309,1
23451,1
13434,1
1880,1
2748,1
921,1
6240,1
1192,1
2536,1
14116,1
10246,1
1921,1
6262,1
5005,1
2149,1
192983,1
1789,1
5187,1
1632,1
3201,1
1064,1
15594,1
22024,1
5081,1
4580,1
2567,1
9859,1
35933,1
1593,1
2395,1
954,1
11191,1
967,1
689,1
615,1
1699,1
3998,1
2754,1
4171,1
2041,1
3841,1
3133,1
1956,1
2667,1
10783,1
66885,1
1051,1
4459,1
4487,1
2012,1
2289,1
5103,1
2441,1
20172858,1
1991,1
3570,1
26145,1
662,1
1420,1
5127,1
974,1
1440,1
13007,1
5116,1
5621,1
3454,1
5141,1
1117,1
9131,1
1255,1
4535,1
2141,1
4800,1
1600,1
1272,1
2836,1
4170,1
11336,1
28831,1
1232,1
16225,1
1888619,1
95099,1
150714,1
7178,1
1024,1
12286,1
5341,1
1729,1
5472,1
68676,1
3449,1
20579,1
17103,1
1696,1
7508,1
8529,1
1647,1
1373,1
1278,1
3936,1
8631,1
18765,1
1433,1
485,1
2737,1
11170,1
15321,1
1666,1
2435,1
6815,1
1706,1
8000,1
20398,1
5460,1
1633,1
16354,1
1906,1
3797,1
3839,1
2311,1
3114,1
39888,1
2839,1
1482,1
1942,1
1530,1
2247,1
14472,1
7041,1
14683,1
4208,1
3183,1
8975,1
2285,1
9780,1
1893,1
1312,1
4746,1
15325,1
8678,1
2653,1
1299,1
1472,1
5567,1
4224,1
3781,1
5821,1
8436,1
4151,1
22990,1
4672,1
1368,1
2384,1
3464,1
1592,1
1323,1
1712,1
9465,1
2115,1
5760,1
7329,1
3958,1
1406,1
7183,1
98056,1
3135,1
2124,1
54682,1
1337,1
5948,1
3040,1
1364,1
7083,1
7480,1
1539,1
2001,1
5454,1
1492,1
6923,1
109450,1
4860,1
1513,1
1461,1
386,1
10927,1
7790,1
946,1
2419,1
67125,1
180239,1
825,1
14110,1
1864,1
1822,1
975,1
1239,1
1112,1
1926,1
4168,1
8892,1
21434,1
41149,1
29753,1
1808,1
2625,1
1404,1
2805,1
4893,1
2722,1
1310,1
815,1
1228,1
1456,1
3283,1
8652,1
1424,1
2253,1
2017,1
10932,1
10663,1
4611,1
20815,1
2353,1
1400,1
6011,1
3669,1
994,1
8340,1
7208,1
11877,1
3281,1
4788,1
3774,1
3560,1
1431,1
3749,1
2801,1
1384,1
1827,1
6215,1
1301,1
5318,1
5109,1
8153,1
3610,1
10951,1
1350,1
7982,1
2502,1
4454,1
2902,1
1082,1
1194,1
2956,1
8947,1
9337,1
3551,1
6188,1
2943,1
1081,1
1859,1
3336,1
1596,1
4222,1
5164,1
7209,1
8858,1
5448,1
4927,1
1837,1
3596,1
1507,1
1386,1
4846,1
3068,1
2445,1
7410,1
2320,1
2618,1
5899,1
8625,1
3509,1
5140,1
1823,1
13467,1
3842,1
11702,1
2993,1
2398,1
31975,1
4843,1
2128,1
7421,1
1122,1
4502,1
9022,1
1146,1
12295,1
941,1
6940,1
1743,1
7164,1
3332,1
2198,1
5761,1
8849,1
2605,1
4237,1
3938,1
4162,1
4686,1
1662,1
2024,1
97921,1
4055,1
11264,1
2666,1
4695,1
9356,1
11704,1
24913,1
15421,1
2202,1
2310,1
3785,1
3083,1
1090,1
2359,1
1372,1
2495,1
1931,1
1655,1
2965,1
1982,1
1186,1
1619,1
12534,1
226654,1
1468,1
3027,1
4974,1
7176,1
3613,1
983,1
6845,1
80259,1
1290,1
1541,1
5990,1
2386,1
8239,1
1614,1
3928,1
12628,1
6944,1
1104,1
2421,1
2713,1
18728,1
5939,1
332996,1
1502,1
1961,1
730377,1
16546,1
13775,1
1285,1
18561,1
44382,1
2548,1
1176,1
1008,1
1841,1
3920,1
9433,1
2561,1
987,1
4017,1
9789,1
1422,1
2028,1
6058,1
1215,1
1759,1
6598,1
4888,1
10522,1
4649,1
1459,1
1874,1
2363,1
5707,1
11902,1
8041,1
1181,1
1792,1
676,1
1618,1
3286,1
2065,1
1989,1
231111,1
9870,1
1939,1
19574,1
25525,1
5391,1
6847,1
5873,1
5739,1
115473,1
7430,1
6825,1
5993,1
2572,1
3137,1
1999,1
1196,1
4136,1
36746,1
3453,1
19717,1
1770,1
4749,1
18267,1
2695,1
1997,1
1009,1
7937,1
6965,1
7913,1
7274,1
1273,1
7837,1
3139,1
2051,1
19110,1
3163,1
2563,1
6213,1
2209,1
8689,1
19175,1
7147,1
2848,1
3011,1
1683,1
13913,1
3615,1
1358,1
8171,1
2560,1
3945,1
1321,1
18075,1
4635,1
3300,1
1100,1
769,1
9863,1
1425,1
2853,1
45993,1
1963,1
9104,1
742,1
1597,1
1723,1
87062,1
1363,1
1700,1
3247,1
2582,1
1884,1
900,1
1331,1
11379,1
2242,1
1909,1
7956,1
8496,1
2079,1
1040,1
1845,1
896,1
1071,1
28409,1
1879,1
10111,1
2090,1
6186,1
4271,1
2511,1
5010,1
1876,1
3421,1
9232,1
1225,1
1355,1
2588,1
19852,1
2143,1
1664,1
16769,1
3927,1
2539,1
12021,1
10101,1
34810,1
2020,1
6788,1
3085,1
3075,1
15862,1
4536,1
48588,1
2230,1
3585,1
5810,1
6006,1
2208,1
3191,1
12641,1
1152,1
11667,1
2277,1
1059,1
1157,1
932,1
1050,1
1403,1
7826,1
2828,1
1760,1
1873,1
2007,1
18364,1
3352,1
933,1
20887,1
2703,1
46709,1
1623,1
2170,1
4304,1
5234,1
1267,1
2553,1
15930,1
3028,1
10087,1
13066,1
1578,1
1973,1
914,1
37418,1
1182,1
10192,1
3990,1
7302,1
1907,1
13513,1
38050,1
34396,1
30923,1
22708,1
1686,1
2736,1
1996,1
4078,1
12745,1
2454,1
11478,1
2546,1
3828,1
12574,1
2294,1
1501,1
1362,1
1016,1
14201,1
3287,1
4547,1
2373,1
1238,1
1810,1
6535,1
75054,1
4624,1
41156,1
3257,1
33245,1
2608,1
2503,1
18280,1
2072,1
1013,1
3365,1
5377,1
1970,1
2487,1
5785,1
4981,1
31516,1
6197,1
98111,1
21691,1
5476,1
8138,1
9980,1
3563,1
12160,1
14447,1
3153,1
27562,1
5147,1
1657,1
1011,1
1410,1
746,1
4867,1
50533,1
13289,1
9336,1
682,1
2052,1
981,1
103224,1
1577,1
3889,1
1663,1
1688,1
1627,1
2013,1
38833,1
1354,1
1155,1
3520,1
2061,1
1084,1
8347,1
3119,1
13065,1
5555,1
1432,1
6533,1
15136,1
1745,1
4253,1
7082,1
2416,1
1221,1
899,1
2969,1
2540,1
4216,1
857129,1
15916,1
3626,1
27581,1
791,1
1223,1
764,1
3055,1
1927,1
2933,1
674,1
21561,1
34722,1
2083,1
770,1
31291,1
14806,1
7894,1
8050,1
5704,1
4644,1
3786,1
92474,1
18781,1
25952,1
17157,1
5882,1
2476,1
8495,1
1529,1
5693,1
3612,1
1988,1
11409,1
7076,1
2204,1
6486,1
1591,1
5258,1
12851,1
3636,1
6563,1
3399,1
12203,1
4563,1
50443,1
3532,1
10314,1
7425,1
1567,1
5038,1
19099,1
5270,1
5425,1
1895,1
4278,1
2939,1
6094,1
148493,1
51144,1
8412,1
2404,1
10082,1
3210,1
15372,1
2971,1
2212,1
1219,1
1721,1
7466,1
912,1
8281,1
1395,1
2067,1
16973,1
1546,1
1489,1
2727,1
4106,1
4683,1
2541,1
31683,1
4001,1
3472,1
1352,1
1981,1
1093,1
10186,1
3064,1
6030,1
16905,1
4528,1
10866,1
4445,1
4331,1
2420,1
1437,1
11539,1
1923,1
3905,1
4817,1
21134,1
3253,1
3645,1
2415,1
2714,1
2066,1
4524,1
5053,1
1849,1
2790,1
4599,1
1307,1
9578,1
2786,1
8731,1
52383,1
5125,1
5879,1
1342,1
5457,1
1896,1
2665,1
3501,1
1116,1
738,1
14645,1
20690,1
2338,1
38052,1
10656,1
6283,1
1205,1
3720,1
1494,1
1033,1
46815,1
18438,1
27604,1
7218,1
4569,1
4184,1
1417,1
811,1
1457,1
2638,1
4455,1
1220,1
1396,1
695,1
2372,1
2135,1
980,1
23168,1
3789,1
2167,1
7213,1
3177,1
3307,1
8165,1
384315,1
2189,1
2161,1
7501,1
5678,1
8225,1
2679,1
1852,1
638147,1
1276,1
1797,1
5067,1
2297,1
2176,1
71558,1
1274,1
6683,1
3884,1
3541,1
3514,1
790,1
3267,1
7345,1
7367,1
1130,1
2610,1
1469,1
3947,1
2850,1
1534,1
125787,1
1115,1
2458,1
1429,1
2268,1
4033,1
6990,1
11496,1
3232,1
1191,1
2562,1
2668,1
10842,1
36621,1
41287,1
4456,1
9720,1
1242,1
2394,1
7102,1
5666,1
1994,1
5816,1
2177,1
29114,1
1786,1
77919,1
4747,1
4145,1
10346,1
665,1
4088,1
3345,1
9455,1
14687,1
2518,1
85564,1
997,1
1769,1
1817,1
6611,1
3779,1
389914,1
1150,1
45025,1
30592,1
1675,1
2076,1
2333,1
1580,1
2257,1
1265,1
3601,1
24216,1
24552,1
7765,1
2111,1
57365,1
3270,1
2440,1
1044,1
6375,1
1201,1
4061,1
4653,1
942,1
3003,1
5163,1
1464,1
5592,1
4562,1
4828,1
2788,1
22296,1
1912,1
17084,1
1387,1
2002,1
1289,1
8067,1
14175,1
3515,1
2515,1
6390,1
3630,1
5696,1
1584,1
4056,1
6041,1
996,1
2640,1
1585,1
4457,1
56633,1
5578,1
1143,1
1261,1
4889,1
1138,1
1034,1
2379,1
3810,1
1035,1
2505,1
4435,1
91717,1
6544,1
25343,1
9758,1
3118,1
3233,1
27206,1
59326,1
1133,1
1168,1
2645,1
32290,1
1004,1
15288,1
3065,1
3298,1
4460,1
1993,1
2937,1
3579,1
7495,1
25792,1
3553,1
6191,1
1554,1
3035,1
4065,1
1359,1
1391,1
15943,1
1904,1
2886,1
2138,1
30087,1
2988,1
5331,1
1676,1
1195,1
4984,1
798,1
3142,1
12314,1
2313,1
1684,1
1835,1
4707,1
21228,1
9552,1
1581,1
2774,1
3062,1
969,1
1477,1
1503,1
2992,1
3187,1
2295,1
3303,1
5480,1
7361,1
707,1
8136,1
7506,1
2078,1
7152,1
5090,1
1139,1
7733,1
887,1
4514,1
1495,1
527,1
22080,1
2446,1
5897,1
1142,1
4327,1
7864,1
12644,1
4444,1
2375,1
5000,1
7165,1
2279,1
6289,1
4373,1
2048,1
5626,1
15888,1
6826,1
4878,1
1165,1
12501,1
4408,1
6647,1
24376,1
10530,1
1542,1
1460,1
17354,1
3102,1
6113,1
40256,1
8342,1
3865,1
23365,1
1185,1
1846,1
3737,1
3136,1
31626,1
1343,1
3824,1
8792,1
7068,1
1624,1
16373,1
6530,1
2493,1
19289,1
8483,1
966,1
2979,1
4434,1
5325,1
18878,1
14745,1
4674,1
2147,1
2357,1
1435,1
11946,1
16147,1
43761,1
4728,1
5456,1
11424,1
2538,1
2791,1
1714,1
1188,1
3714,1
11932,1
3949,1
1872,1
7024,1
1892,1
17034,1
763,1
5953,1
4292,1
1455,1
687,1
1638,1
1861,1
7804,1
916,1
3395,1
2225,1
7281,1
1557,1
984,1
19498,1
2200,1
1667,1
12972,1
1971,1
7599,1
2633,1
2096,1
2237,1
3202,1
17306,1
6668,1
2319,1
1370,1
1275,1
924,1
34124,1
2099,1
1564,1
16509,1
14378,1
802,1
3924,1
14739,1
30331,1
1131,1
