1,1110
2,628
3,433
4,324
5,307
6,236
7,210
8,170
10,168
9,153
11,148
13,131
12,128
17,120
16,119
14,117
15,113
22,110
18,94
21,89
20,86
23,83
26,82
29,81
19,78
24,76
28,74
31,69
34,68
27,67
30,61
33,61
38,60
25,59
32,58
35,57
39,54
41,50
44,50
42,49
47,48
36,48
49,45
57,45
61,45
53,43
45,43
58,42
50,42
63,40
55,40
46,38
40,37
73,37
48,37
56,36
71,36
43,36
54,36
37,36
81,35
72,35
67,35
60,34
65,34
52,33
95,32
51,31
69,30
88,29
82,28
59,27
98,27
68,27
62,27
86,27
64,26
91,26
120,26
77,26
74,26
85,25
84,25
70,25
76,25
66,25
136,24
75,23
100,23
125,22
108,22
151,22
105,21
90,21
87,21
107,21
94,21
104,21
83,21
103,20
78,20
102,20
93,20
143,19
79,19
111,19
80,19
135,19
101,19
89,19
140,18
139,18
118,18
96,17
106,17
109,17
147,17
112,17
158,16
165,16
132,16
123,16
119,16
124,16
99,16
114,16
177,16
129,15
92,15
130,15
197,15
161,15
117,15
127,15
202,15
126,15
113,15
122,14
110,14
144,14
208,14
138,14
188,14
157,14
142,14
154,14
141,14
121,14
231,14
187,13
152,13
131,13
146,13
97,13
183,13
148,13
116,13
168,13
210,13
162,12
244,12
259,12
200,12
164,12
166,12
134,12
337,12
160,12
185,11
133,11
170,11
229,11
178,11
254,11
150,11
296,11
305,11
180,11
169,11
209,10
258,10
179,10
220,10
280,10
182,10
115,10
176,10
199,10
155,10
237,10
189,9
190,9
251,9
196,9
291,9
277,9
236,9
137,9
173,9
230,9
245,9
207,9
203,9
249,9
191,9
149,9
175,9
319,9
265,9
153,9
331,9
186,9
362,9
240,9
211,9
359,9
372,8
377,8
223,8
318,8
303,8
267,8
128,8
295,8
272,8
293,8
222,8
243,8
184,8
325,8
217,8
228,8
213,8
323,8
201,8
383,8
145,8
426,8
234,8
174,8
226,8
242,8
214,8
205,8
206,8
289,8
308,8
598,8
233,8
172,8
422,8
167,8
275,7
437,7
163,7
204,7
388,7
193,7
302,7
253,7
392,7
601,7
256,7
378,7
327,7
255,7
221,7
353,7
181,7
413,7
279,7
246,7
334,7
247,7
252,7
171,7
310,7
300,7
156,7
285,7
436,7
534,7
241,7
530,7
227,6
250,6
870,6
643,6
350,6
499,6
500,6
218,6
464,6
374,6
420,6
332,6
287,6
270,6
342,6
159,6
194,6
278,6
329,6
306,6
441,6
264,6
552,6
238,6
215,6
358,6
321,6
454,6
274,6
682,6
326,6
386,6
224,6
232,6
381,6
271,6
322,6
269,6
363,6
316,6
235,6
356,6
219,6
361,6
478,6
411,6
379,6
288,6
216,6
393,6
489,6
396,6
336,6
698,6
385,6
602,6
330,6
198,6
535,6
584,5
317,5
620,5
447,5
389,5
276,5
501,5
452,5
364,5
344,5
370,5
312,5
445,5
346,5
639,5
497,5
351,5
571,5
355,5
443,5
248,5
555,5
603,5
458,5
456,5
2509,5
457,5
659,5
532,5
614,5
671,5
399,5
502,5
551,5
314,5
284,5
376,5
766,5
192,5
734,5
517,5
225,5
352,5
974,5
595,5
492,5
481,5
539,5
404,5
239,5
459,5
462,5
307,5
328,5
407,5
431,5
453,5
368,5
349,5
461,5
449,5
451,5
467,5
301,5
590,5
371,5
636,5
477,5
1221,5
733,5
616,5
387,5
888,5
335,5
273,5
347,5
369,4
428,4
525,4
762,4
324,4
343,4
268,4
562,4
533,4
496,4
290,4
1779,4
315,4
1267,4
1292,4
1213,4
513,4
642,4
338,4
1104,4
427,4
523,4
2239,4
608,4
1273,4
423,4
412,4
723,4
522,4
484,4
339,4
1001,4
2029,4
801,4
752,4
575,4
405,4
348,4
847,4
309,4
474,4
442,4
1329,4
544,4
345,4
876,4
406,4
624,4
650,4
400,4
1179,4
1235,4
809,4
341,4
320,4
1098,4
862,4
266,4
649,4
789,4
554,4
435,4
585,4
292,4
670,4
375,4
658,4
294,4
482,4
816,4
521,4
354,4
1096,4
710,4
1265,4
606,4
508,4
286,4
493,4
313,4
652,4
1600,4
1604,4
263,4
751,4
398,4
612,4
438,4
297,4
759,4
299,4
414,4
561,3
542,3
397,3
2084,3
737,3
1246,3
589,3
925,3
2139,3
679,3
929,3
803,3
537,3
391,3
615,3
828,3
936,3
788,3
621,3
790,3
1193,3
680,3
581,3
487,3
1428,3
475,3
913,3
1183,3
366,3
666,3
748,3
485,3
1322,3
7061,3
837,3
725,3
527,3
728,3
1044,3
765,3
394,3
333,3
875,3
503,3
1318,3
677,3
260,3
468,3
582,3
2169,3
401,3
696,3
735,3
867,3
257,3
384,3
783,3
1551,3
2121,3
804,3
540,3
1488,3
2750,3
984,3
722,3
1520,3
989,3
1922,3
964,3
367,3
622,3
645,3
2476,3
635,3
1251,3
563,3
373,3
498,3
637,3
866,3
511,3
1561,3
746,3
1055,3
638,3
262,3
756,3
541,3
418,3
924,3
409,3
547,3
516,3
829,3
380,3
1591,3
970,3
440,3
473,3
653,3
921,3
570,3
953,3
1025,3
854,3
1700,3
450,3
700,3
1282,3
1775,3
1269,3
962,3
1405,3
1252,3
2835,3
822,3
479,3
1289,3
390,3
465,3
488,3
424,3
421,3
927,3
761,3
1187,3
1118,3
574,3
1437,3
891,3
446,3
861,3
712,3
2018,3
825,3
946,3
432,3
304,3
1877,3
890,3
510,3
1618,3
460,3
975,3
871,3
784,3
2036,3
1066,3
403,3
515,3
1054,3
742,3
719,3
1622,3
1506,3
800,3
2544,3
731,3
994,3
2951,3
382,3
550,3
777,3
906,3
1189,3
879,3
543,3
1209,3
1138,3
1035,3
587,3
495,3
360,3
1522,3
2386,3
1519,3
579,3
840,3
2220,3
745,3
684,3
892,3
3583,3
8629,3
841,3
1140,3
566,3
1131,3
918,3
1564,3
648,3
1262,3
282,3
647,3
674,3
949,3
839,3
1184,3
887,3
1061,3
1195,3
526,3
1494,3
1243,3
1027,3
524,3
857,3
580,3
567,3
1693,2
754,2
856,2
933,2
1516,2
545,2
2156,2
1094,2
1390,2
1026,2
23254,2
706,2
629,2
3366,2
1136,2
1218,2
859,2
1609,2
592,2
3444,2
4114,2
1566,2
2543,2
410,2
1830,2
298,2
3536,2
5695,2
845,2
2864,2
2743,2
3073,2
5865,2
4204,2
716,2
775,2
514,2
1699,2
6608,2
1752,2
1407,2
357,2
703,2
4234,2
3195,2
425,2
685,2
771,2
1059,2
1050,2
1152,2
486,2
609,2
1220,2
1396,2
1575,2
13346,2
694,2
1328,2
3645,2
1263,2
1172,2
1970,2
1689,2
1114,2
1085,2
697,2
911,2
2049,2
2574,2
1956,2
1571,2
2785,2
2167,2
470,2
663,2
1433,2
836,2
655,2
531,2
1755,2
619,2
572,2
5384,2
365,2
1301,2
1076,2
2229,2
931,2
821,2
605,2
4681,2
2826,2
4326,2
1162,2
2500,2
1137,2
1047,2
895,2
2751,2
1180,2
1788,2
687,2
1419,2
6752,2
2490,2
740,2
12966,2
2209,2
2808,2
815,2
2222,2
3312,2
4095,2
1089,2
1134,2
2648,2
415,2
1594,2
730,2
2517,2
1147,2
1332,2
611,2
709,2
466,2
2200,2
505,2
774,2
732,2
4222,2
536,2
1596,2
504,2
1677,2
1233,2
2577,2
1687,2
858,2
1540,2
1427,2
939,2
1319,2
3782,2
3468,2
2149,2
1756,2
2788,2
943,2
1023,2
693,2
1445,2
1608,2
2573,2
1576,2
1010,2
987,2
494,2
408,2
3168,2
973,2
1722,2
662,2
1434,2
785,2
1171,2
886,2
212,2
1362,2
2497,2
1119,2
1485,2
2153,2
1776,2
2537,2
1799,2
691,2
1663,2
1627,2
559,2
1244,2
981,2
673,2
1665,2
1773,2
573,2
894,2
1513,2
1461,2
596,2
770,2
1549,2
1771,2
8418,2
1850,2
1891,2
2106,2
9145,2
1331,2
794,2
402,2
395,2
1440,2
1940,2
1420,2
768,2
819,2
688,2
1856,2
2363,2
1525,2
2002,2
1378,2
664,2
1102,2
3005,2
1589,2
18046,2
702,2
749,2
2405,2
2764,2
1135,2
2334,2
3465,2
1805,2
2550,2
3848,2
820,2
455,2
1662,2
863,2
1682,2
3699,2
982,2
1900,2
610,2
1236,2
3387,2
577,2
1253,2
1800,2
1426,2
1016,2
6445,2
4221,2
1909,2
1583,2
1071,2
8804,2
1031,2
968,2
833,2
1115,2
1560,2
676,2
1713,2
617,2
2284,2
799,2
1537,2
926,2
1372,2
1121,2
1009,2
1997,2
1196,2
1888,2
1754,2
2823,2
3008,2
490,2
623,2
434,2
928,2
678,2
3619,2
3038,2
1024,2
1493,2
7914,2
538,2
1498,2
5578,2
2532,2
668,2
1435,2
528,2
6523,2
2932,2
903,2
6154,2
1208,2
556,2
593,2
1647,2
874,2
419,2
2202,2
618,2
2819,2
1074,2
718,2
5072,2
2368,2
640,2
483,2
2651,2
995,2
905,2
3783,2
1820,2
2117,2
631,2
480,2
507,2
3814,2
1355,2
1120,2
2031,2
3551,2
4723,2
1544,2
1340,2
429,2
628,2
1468,2
2829,2
772,2
2607,2
565,2
2038,2
1707,2
1715,2
1727,2
3085,2
13604,2
9272,2
2844,2
3948,2
1499,2
607,2
983,2
2005,2
780,2
4282,2
1095,2
842,2
899,2
864,2
594,2
935,2
2867,2
1649,2
827,2
506,2
2851,2
4600,2
1168,2
781,2
1178,2
1686,2
985,2
627,2
1153,2
2652,2
885,2
613,2
2447,2
969,2
476,2
8394,2
715,2
283,2
811,2
195,2
1017,2
1165,2
1742,2
1106,2
1288,2
1603,2
1848,2
764,2
1039,2
281,2
7737,2
3850,2
1411,2
311,2
1093,2
7661,2
261,2
4912,2
1854,2
1033,2
1511,2
1467,2
4779,2
1431,2
2159,2
1315,2
1078,2
1681,2
564,2
588,2
1636,2
1740,2
1526,2
6809,2
2681,2
1432,2
1745,2
1497,1
10000,1
1983,1
27573,1
65294,1
35499,1
11700,1
112834,1
3484,1
5025,1
5396,1
2488,1
1905,1
4480,1
2612,1
1338,1
2966,1
1241,1
2535,1
4478,1
1925,1
3057,1
21807,1
116523,1
4969,1
8376,1
4727,1
13767,1
805,1
23172,1
9115,1
26824,1
3714,1
14550,1
5398,1
119128,1
44433,1
17893,1
2125,1
1907,1
8538,1
3744,1
1413,1
5134,1
11646,1
1144,1
6560,1
1470,1
3857,1
2170,1
1531,1
18435,1
2920,1
47677,1
1570,1
1623,1
17978,1
12510,1
60298,1
5056,1
796,1
31916,1
1904,1
6464,1
128652,1
16456,1
127712,1
2609,1
2886,1
14367,1
74530,1
2138,1
4948,1
3414,1
3100,1
1708,1
5101,1
25604,1
136503,1
12819,1
5898,1
16517,1
28554,1
28979,1
2361,1
2327,1
4320,1
5035,1
3054,1
6830,1
439,1
19055,1
2098,1
9343,1
56233,1
4656,1
3964,1
5606,1
902,1
4498,1
7657,1
19444,1
186004,1
39139,1
2530,1
2349,1
1598,1
12123,1
23314,1
115255,1
4561,1
25757,1
13308,1
14795,1
29888,1
2924,1
7653,1
167762,1
7727,1
5067,1
699,1
9297,1
7101,1
1661,1
40063,1
1613,1
2343,1
8882,1
210547,1
1015,1
34811,1
2946,1
4461,1
1416,1
6137,1
24862,1
25071,1
6787,1
11275,1
4080,1
509,1
5490,1
1250,1
4961,1
2832,1
8365,1
3974,1
2639,1
3322,1
16690,1
2745,1
1297,1
11103,1
2806,1
59303,1
12688,1
1132,1
2413,1
6292,1
12134,1
743,1
1163,1
1717,1
2802,1
2701,1
17411,1
28332,1
1257,1
3143,1
39943,1
16168,1
2492,1
6951,1
1685,1
47931,1
2133,1
4002,1
1889,1
4769,1
4429,1
1423,1
18819,1
4240,1
11376,1
13403,1
1091,1
53754,1
1829,1
93120,1
19034,1
6628,1
3521,1
6807,1
17082,1
65664,1
1588,1
13372,1
2868,1
16994,1
9105,1
1621,1
3843,1
6548,1
2483,1
6007,1
3316,1
1701,1
49465,1
3694,1
120329,1
46575,1
10414,1
31540,1
12425,1
12007,1
7770,1
21630,1
79862,1
91618,1
11819,1
4304,1
19215,1
31731,1
61387,1
4671,1
39543,1
6324,1
727,1
3844,1
2791,1
1659,1
16590,1
22588,1
16432,1
1408,1
6835,1
1658,1
898,1
9910,1
2873,1
549,1
2063,1
13736,1
64490,1
64118,1
4620,1
2728,1
1593,1
1198,1
689,1
359185,1
1234,1
954,1
869,1
4556,1
6398,1
8532,1
967,1
3539,1
3703,1
1607,1
12584,1
1002,1
5006,1
3820,1
2982,1
3306,1
21296,1
8564,1
3754,1
667,1
68878,1
416,1
15305,1
21567,1
14927,1
1692,1
835,1
3545,1
4515,1
1960,1
7639,1
6683,1
704,1
43372,1
3080,1
15475,1
4232,1
4983,1
45611,1
11059,1
1614,1
2976,1
25200,1
1029,1
5131,1
31027,1
5041,1
1389,1
3792,1
3928,1
59333,1
2347,1
5377,1
8295,1
3477,1
22240,1
16294,1
850,1
9861,1
3209,1
3365,1
2949,1
39840,1
1968,1
4424,1
14559,1
3024,1
2277,1
10330,1
30026,1
1157,1
2439,1
5544,1
3125,1
4482,1
1374,1
932,1
2828,1
12461,1
8650,1
2372,1
28530,1
472,1
2589,1
9530,1
42901,1
1780,1
1500,1
3187,1
707,1
20034,1
6954,1
3303,1
11750,1
10569,1
145013,1
3359,1
1844,1
1644,1
2981,1
2295,1
7624,1
5480,1
1646,1
3367,1
2523,1
6984,1
1086,1
2019,1
9984,1
4014,1
1628,1
7822,1
37665,1
814,1
10310,1
880,1
1299,1
1778,1
334406,1
1312,1
17936,1
22018,1
1099,1
5567,1
1307,1
10036,1
11261,1
5608,1
546,1
37896,1
1801,1
1248,1
2194,1
60259,1
40133,1
11339,1
6207,1
2731,1
51525,1
140337,1
7648,1
2591,1
2620,1
7449,1
560,1
33084,1
3859,1
3017,1
4785,1
21105,1
219577,1
5484,1
2051,1
7482,1
275305,1
3953,1
4526,1
11647,1
63006,1
1695,1
4098,1
4359,1
2474,1
1278,1
945,1
15465,1
7677,1
5170,1
3095,1
17235,1
1037,1
3013,1
4504,1
2670,1
1239,1
36097,1
18009,1
6290,1
4029,1
79998,1
11382,1
4168,1
2064,1
11480,1
1911,1
5059,1
4319,1
1710,1
3841,1
417,1
2192,1
3698,1
2798,1
16548,1
33345,1
16397,1
963,1
2446,1
5897,1
7464,1
32250,1
11652,1
2889,1
3597,1
3730,1
7730,1
14884,1
13082,1
5475,1
10711,1
3442,1
191049,1
4327,1
2375,1
10366,1
23665,1
1634,1
1032,1
10058,1
61130,1
78408,1
1630,1
3789,1
21262,1
3397,1
3223,1
14350,1
4776,1
55483,1
35239,1
34908,1
5474,1
24499,1
4880,1
1803,1
15412,1
22419,1
2306,1
5202,1
952,1
3556,1
4426,1
2585,1
2440,1
9854,1
39896,1
17238,1
6425,1
3856,1
7258,1
131612,1
19000,1
16568,1
916,1
13943,1
10093,1
1638,1
12867,1
6898,1
3395,1
1748,1
669,1
2688,1
1394,1
5747,1
61222,1
3317,1
972,1
7457,1
9023,1
6707,1
2644,1
2354,1
3232,1
16338,1
2268,1
8628,1
1429,1
5885,1
1191,1
1934,1
16753,1
46788,1
32616,1
4228,1
3980,1
5204,1
9992,1
21873,1
13370,1
3375,1
15075,1
5861,1
3531,1
6318,1
131119,1
2733,1
3610,1
1350,1
5109,1
16624,1
14711,1
12729,1
3504,1
7950,1
7723,1
15098,1
1342,1
6421,1
2786,1
26959,1
4938,1
6088,1
1060,1
1453,1
19798,1
3915,1
8416,1
5236,1
4230,1
7006,1
4280,1
6334,1
681,1
1705,1
5558,1
3422,1
4851,1
11831,1
1375,1
3056,1
860,1
2241,1
4925,1
1873,1
38720,1
1979,1
181347,1
7270,1
27781,1
7918,1
6184,1
17217,1
5533,1
13711,1
37214,1
3599,1
1648,1
3255,1
21613,1
2468,1
81200,1
6469,1
5787,1
708,1
10784,1
3224,1
1382,1
366627,1
1028,1
2273,1
1746,1
8372,1
2307,1
10862,1
5276,1
1550,1
2667,1
22821,1
2223,1
1128,1
6829,1
2077,1
6783,1
1051,1
24710,1
17098,1
5436,1
75301,1
110731,1
4500,1
18715,1
8255,1
1404,1
11458,1
8362,1
8619,1
2673,1
6769,1
7034,1
1595,1
2563,1
8732,1
519,1
3163,1
2496,1
7169,1
1019,1
13508,1
23150,1
12539,1
48321,1
2713,1
1229,1
4030,1
18797,1
5339,1
14005,1
2157,1
1336,1
1077,1
7215,1
229757,1
1642,1
6860,1
2581,1
2909,1
21467,1
6156,1
1145,1
27693,1
938,1
64959,1
62943,1
16675,1
3704,1
65865,1
15468,1
1092,1
36876,1
1325,1
1704,1
4869,1
86172,1
340,1
301242,1
2859,1
41428,1
7131,1
2753,1
2914,1
2443,1
6812,1
99122,1
16061,1
6404,1
21691,1
2768,1
947,1
109173,1
17671,1
2813,1
8349,1
3006,1
30299,1
8227,1
4272,1
36221,1
48532,1
15782,1
6697,1
3497,1
9164,1
3883,1
145910,1
2668,1
9223,1
713,1
3384,1
2586,1
738,1
2338,1
4410,1
675,1
1116,1
2240,1
64873,1
4590,1
2040,1
2250,1
1950,1
11276,1
118165,1
8075,1
692,1
3166,1
5153,1
4123,1
1563,1
4895,1
74219,1
98811,1
5855,1
626,1
3959,1
3297,1
5027,1
13033,1
2679,1
1852,1
268011,1
11970,1
690,1
50764,1
14370,1
7283,1
2280,1
17130,1
851,1
2030,1
93371,1
2520,1
1532,1
3847,1
1463,1
1690,1
705,1
93534,1
4509,1
720,1
2598,1
144065,1
2797,1
30532,1
1490,1
778,1
17570,1
2254,1
1668,1
6200,1
3674,1
11893,1
3097,1
20106,1
10699,1
807,1
48655,1
21930,1
44178,1
43146,1
7961,1
5032,1
56177,1
1344,1
10206,1
25015,1
1626,1
5870,1
971,1
17191,1
19922,1
1369,1
1611,1
3363,1
2843,1
9483,1
23062,1
26457,1
2821,1
9096,1
4127,1
17972,1
10020,1
46569,1
2289,1
5305,1
18222,1
17403,1
4487,1
4139,1
9778,1
4668,1
1041,1
3269,1
1529,1
5693,1
55625,1
1887,1
31399,1
13216,1
10932,1
448,1
557,1
1651,1
5146,1
85358,1
22560,1
5710,1
1424,1
7461,1
2424,1
1222,1
4982,1
2253,1
26076,1
5130,1
41391,1
4370,1
1460,1
830,1
2309,1
463,1
17801,1
853,1
1200,1
3865,1
8600,1
150884,1
5483,1
19935,1
1471,1
23468,1
4094,1
85350,1
27912,1
1056,1
11141,1
1397,1
1912,1
10115,1
922,1
7012,1
7719,1
5223,1
11035,1
3945,1
1683,1
6355,1
8743,1
43821,1
3615,1
9580,1
2318,1
2824,1
22547,1
3740,1
9834,1
2854,1
1199,1
5422,1
23038,1
3612,1
18073,1
3326,1
2069,1
1458,1
2700,1
2942,1
11014,1
51729,1
5284,1
8368,1
2116,1
1480,1
8146,1
13882,1
270348,1
656,1
3680,1
3302,1
6262,1
15744,1
1657,1
683,1
11323,1
9368,1
21055,1
1486,1
45329,1
23699,1
6155,1
6943,1
951,1
11927,1
1007,1
3430,1
4933,1
17917,1
961,1
2119,1
9899,1
1302,1
1210,1
5334,1
5599,1
7929,1
15871,1
1110,1
5905,1
21135,1
600,1
8630,1
24637,1
1567,1
1694,1
31561,1
3532,1
3689,1
4354,1
1994,1
18205,1
4380,1
2177,1
39669,1
15449,1
9610,1
5782,1
8429,1
15291,1
6383,1
2027,1
3328,1
11593,1
1277,1
2906,1
1224,1
3061,1
6892,1
28615,1
10636,1
114858,1
84995,1
10237,1
558,1
170897,1
1101,1
2099,1
1978,1
56916,1
1275,1
6206,1
5979,1
10050,1
2319,1
3708,1
338062,1
9801,1
4621,1
13861,1
3677,1
36709,1
78529,1
3906,1
29977,1
2781,1
1414,1
9733,1
3021,1
196821,1
27922,1
1008,1
3434,1
16941,1
5382,1
1724,1
877,1
8592,1
2187,1
2271,1
7199,1
1633,1
20398,1
1361,1
3970,1
2441,1
2414,1
2894,1
5909,1
958,1
6337,1
1811,1
16561,1
3570,1
359882,1
62520,1
2519,1
7167,1
2380,1
750,1
84705,1
2693,1
13009,1
3076,1
7379,1
2370,1
27690,1
2204,1
30335,1
4835,1
18538,1
25337,1
844,1
889,1
39215,1
82827,1
63844,1
529,1
31745,1
779,1
4128,1
8125,1
3853,1
1501,1
3175,1
6100,1
98416,1
5735,1
1976,1
1880,1
2712,1
2748,1
166208,1
31911,1
23451,1
2224,1
1264,1
5893,1
19934,1
1606,1
59223,1
1846,1
1185,1
3742,1
27585,1
10103,1
8888,1
1766,1
18396,1
1415,1
1508,1
1908,1
31058,1
2308,1
15735,1
2080,1
43185,1
203193,1
6142,1
13780,1
3288,1
4484,1
2353,1
2315,1
33114,1
2256,1
12948,1
44021,1
15028,1
2085,1
11957,1
12707,1
145766,1
4583,1
10317,1
4976,1
8110,1
4312,1
268742,1
2632,1
15887,1
3147,1
7777,1
1688,1
1308,1
1240,1
5045,1
2939,1
20340,1
7448,1
3239,1
2615,1
8162,1
909,1
1937,1
2795,1
2207,1
238660,1
11360,1
883,1
665,1
39459,1
4632,1
72844,1
12770,1
1259,1
15702,1
18262,1
8730,1
5797,1
3731,1
13955,1
2137,1
4725,1
4579,1
5505,1
12026,1
12790,1
1083,1
5197,1
1363,1
3329,1
2582,1
30594,1
35928,1
21014,1
51852,1
11041,1
4412,1
1444,1
5848,1
1069,1
6002,1
2083,1
24427,1
41397,1
1006,1
28201,1
793,1
832,1
11717,1
4270,1
5770,1
74339,1
2922,1
2839,1
2527,1
27592,1
6190,1
2996,1
3050,1
21394,1
1504,1
117715,1
379091,1
1945,1
2493,1
19393,1
12176,1
4434,1
208902,1
15443,1
4486,1
12617,1
966,1
16849,1
2862,1
52026,1
14436,1
1975,1
3734,1
4664,1
7816,1
2360,1
1141,1
13399,1
5324,1
1354,1
2061,1
3777,1
17534,1
12143,1
4059,1
1155,1
5560,1
1842,1
56609,1
1084,1
2057,1
5838,1
1874,1
1422,1
1459,1
1680,1
2340,1
11528,1
3461,1
11902,1
4888,1
5359,1
848,1
1383,1
1759,1
4151,1
11933,1
6855,1
5237,1
10639,1
74942,1
1347,1
1048,1
3781,1
16785,1
15968,1
3432,1
8346,1
1897,1
7200,1
35924,1
6649,1
4921,1
64633,1
6510,1
46905,1
24122,1
38308,1
1379,1
5938,1
7627,1
2324,1
6748,1
12606,1
518,1
5383,1
3630,1
1584,1
893,1
12875,1
20979,1
3515,1
12186,1
5118,1
3864,1
1387,1
4056,1
996,1
1942,1
12062,1
2285,1
7261,1
6349,1
1530,1
25038,1
25705,1
64086,1
9879,1
13236,1
5070,1
10446,1
23912,1
11217,1
10645,1
45322,1
5444,1
2772,1
4278,1
2162,1
7919,1
1816,1
1038,1
1825,1
10157,1
26730,1
23274,1
2374,1
2661,1
2683,1
1204,1
23733,1
6799,1
8367,1
9383,1
53835,1
79637,1
12580,1
882,1
1862,1
41456,1
9725,1
80924,1
176321,1
1164,1
1739,1
5711,1
46634,1
5182,1
28366,1
29138,1
1890,1
16328,1
24611,1
4686,1
3898,1
2613,1
2232,1
13538,1
13149,1
23194,1
45813,1
17177,1
48399,1
1451,1
5615,1
8683,1
8444,1
4385,1
1400,1
1295,1
10088,1
474394,1
18042,1
1323,1
6352,1
1712,1
9072,1
1368,1
1149,1
8627,1
24709,1
3664,1
22988,1
2043,1
1021,1
17769,1
337989,1
1452,1
31669,1
3623,1
2999,1
8077,1
9285,1
1395,1
6261,1
16952,1
14537,1
37886,1
2759,1
4335,1
1721,1
3460,1
760,1
6546,1
1316,1
4597,1
86773,1
142196,1
15919,1
2079,1
7458,1
19963,1
2062,1
18748,1
14904,1
3658,1
7025,1
3318,1
43553,1
1955,1
8423,1
60005,1
9690,1
4294,1
5326,1
6996,1
8772,1
10417,1
1923,1
4637,1
14812,1
101909,1
18858,1
5512,1
24100,1
11442,1
3423,1
7492,1
135740,1
2140,1
5082,1
2658,1
2579,1
40344,1
6212,1
39268,1
4840,1
4291,1
9086,1
3433,1
56498,1
1810,1
4967,1
1777,1
12095,1
10383,1
1935,1
298968,1
5998,1
852,1
79795,1
686,1
23616,1
364652,1
4239,1
212647,1
3082,1
6052,1
11944,1
2448,1
16920,1
27767,1
11174,1
1802,1
7513,1
11610,1
15316,1
920,1
5403,1
2429,1
2418,1
38936,1
1675,1
744,1
9656,1
49293,1
6583,1
7351,1
1948,1
3776,1
769,1
5078,1
24169,1
1100,1
813,1
1855,1
3025,1
18033,1
8334,1
3901,1
4749,1
2865,1
28743,1
1781,1
7591,1
168576,1
6732,1
6609,1
9081,1
69108,1
3150,1
1126,1
13644,1
849,1
4446,1
1726,1
1534,1
965,1
1280,1
6162,1
1782,1
1671,1
35216,1
2551,1
9242,1
4552,1
1792,1
2552,1
16848,1
1674,1
976,1
11076,1
1181,1
35460,1
11917,1
7428,1
4046,1
2065,1
64180,1
22180,1
7794,1
1931,1
28471,1
776,1
3544,1
17780,1
11430,1
14587,1
19573,1
1090,1
5361,1
3263,1
2669,1
2495,1
23012,1
18156,1
6274,1
430,1
3873,1
7913,1
817,1
726,1
6836,1
3868,1
3485,1
40945,1
7062,1
7605,1
797,1
1558,1
950,1
4271,1
2511,1
3152,1
1879,1
11094,1
2006,1
18047,1
12290,1
9118,1
3421,1
1822,1
42445,1
3616,1
7414,1
741,1
1000,1
1928,1
1517,1
923,1
1449,1
1543,1
1381,1
13643,1
6085,1
2286,1
8863,1
1944,1
26635,1
8756,1
37916,1
11072,1
29662,1
8262,1
1036,1
59013,1
7252,1
2075,1
7500,1
36345,1
1232,1
12748,1
29787,1
1151,1
1075,1
8840,1
632,1
64372,1
3130,1
2366,1
3113,1
6400,1
58181,1
3811,1
4218,1
160471,1
599,1
1425,1
79800,1
646,1
1474,1
27554,1
11523,1
1045,1
28423,1
19283,1
19765,1
17951,1
5278,1
14011,1
8410,1
3049,1
15450,1
3364,1
2921,1
13501,1
1729,1
10760,1
4421,1
2640,1
27570,1
9603,1
5720,1
1261,1
1853,1
15223,1
8311,1
512,1
1143,1
1062,1
1406,1
654,1
5088,1
12462,1
993,1
33086,1
2410,1
684365,1
9849,1
55861,1
369315,1
6602,1
2503,1
35710,1
4624,1
22029,1
11946,1
26799,1
99754,1
4093,1
1231,1
818,1
8604,1
13769,1
5018,1
2193,1
3449,1
20579,1
12235,1
40074,1
2197,1
10873,1
11881,1
61082,1
1266,1
12209,1
2707,1
27219,1
3571,1
37754,1
4753,1
2964,1
7208,1
1998,1
10420,1
3831,1
15140,1
9277,1
25067,1
2934,1
3233,1
271799,1
21256,1
6060,1
19142,1
6468,1
13822,1
14323,1
10894,1
4695,1
3587,1
3913,1
9133,1
14045,1
1915,1
25583,1
112744,1
5642,1
3641,1
3618,1
22541,1
10148,1
2293,1
7993,1
5601,1
14245,1
10002,1
1666,1
2178,1
19530,1
4262,1
63979,1
14462,1
17272,1
159763,1
2463,1
6443,1
7439,1
16245,1
1610,1
29495,1
62804,1
5297,1
6481,1
3648,1
4031,1
7206,1
6244,1
4754,1
940,1
5335,1
1005,1
14816,1
63278,1
1207,1
1392,1
2190,1
9296,1
2226,1
3182,1
20036,1
1348,1
4973,1
1366,1
2809,1
919,1
34357,1
3900,1
3447,1
54746,1
4584,1
5055,1
1510,1
5675,1
3572,1
130332,1
8040,1
14595,1
17895,1
792,1
3523,1
5188,1
2757,1
3277,1
855,1
16095,1
5316,1
1201,1
26863,1
50489,1
1747,1
24259,1
139265,1
4048,1
1255,1
1117,1
9437,1
3454,1
3170,1
15610,1
2154,1
7906,1
2674,1
4535,1
37755,1
27048,1
6451,1
2505,1
1339,1
1393,1
3203,1
2379,1
25412,1
10298,1
1034,1
2564,1
2510,1
218724,1
8215,1
4182,1
87330,1
1910,1
1058,1
9116,1
2682,1
17070,1
15178,1
1798,1
8116,1
3222,1
6023,1
2902,1
7103,1
2118,1
16047,1
25252,1
8382,1
104004,1
17768,1
1082,1
4415,1
5069,1
6365,1
3724,1
80544,1
2406,1
61312,1
41904,1
39194,1
1166,1
1982,1
1186,1
1154,1
3411,1
1903,1
1818,1
46572,1
1619,1
3180,1
2323,1
8820,1
1430,1
21570,1
14272,1
74198,1
2870,1
4261,1
2303,1
4102,1
2485,1
1182,1
4394,1
1578,1
17149,1
3516,1
2432,1
8677,1
33977,1
1973,1
914,1
110122,1
3028,1
4788,1
3281,1
433,1
5734,1
8817,1
4669,1
4841,1
10590,1
4780,1
553,1
1438,1
52398,1
2744,1
3373,1
96012,1
2817,1
10063,1
15310,1
1327,1
1758,1
27828,1
4047,1
21004,1
1113,1
5557,1
2442,1
1337,1
51391,1
9543,1
6547,1
14677,1
3342,1
56580,1
22377,1
6256,1
4662,1
20329,1
1364,1
4252,1
2469,1
2230,1
955,1
4183,1
72030,1
6736,1
2208,1
28827,1
2020,1
3191,1
904,1
12302,1
53372,1
1020,1
672,1
5022,1
5749,1
8839,1
5399,1
1223,1
9619,1
3826,1
1932,1
7339,1
782,1
1974,1
17733,1
583,1
3667,1
6849,1
29034,1
999,1
1300,1
12573,1
7248,1
7463,1
1615,1
1129,1
420885,1
1541,1
5263,1
16528,1
884,1
1489,1
8344,1
520,1
4586,1
11978,1
9566,1
195683,1
3077,1
4223,1
10685,1
12274,1
2897,1
55147,1
5584,1
4001,1
10214,1
102563,1
11511,1
36616,1
12167,1
2541,1
10132,1
5619,1
6082,1
8508,1
32880,1
4865,1
103219,1
1317,1
1814,1
5161,1
27184,1
1847,1
3230,1
4328,1
2260,1
1568,1
51629,1
3215,1
2401,1
604,1
33173,1
2689,1
1170,1
1869,1
1311,1
11910,1
2507,1
88267,1
1197,1
39851,1
72245,1
7467,1
1573,1
4711,1
34377,1
45412,1
2074,1
33028,1
3529,1
1304,1
1509,1
9197,1
6080,1
6934,1
16012,1
4849,1
4916,1
4690,1
2166,1
4844,1
3553,1
1865,1
10394,1
2249,1
7085,1
8525,1
5174,1
1226,1
1298,1
1216,1
3904,1
1946,1
701,1
2272,1
2127,1
66110,1
5348,1
255365,1
4120,1
5479,1
5973,1
24109,1
2618,1
2393,1
5004,1
3044,1
729,1
868,1
14008,1
7519,1
3188,1
1385,1
11564,1
15137,1
2836,1
16131,1
14889,1
10512,1
2141,1
17603,1
9514,1
6867,1
6288,1
1285,1
2465,1
131255,1
10930,1
18161,1
3039,1
6940,1
28892,1
957,1
6632,1
1631,1
17193,1
2198,1
49788,1
3392,1
1743,1
2580,1
1572,1
941,1
3112,1
3547,1
35023,1
23413,1
1133,1
12978,1
4344,1
3593,1
1993,1
5243,1
4460,1
5181,1
64648,1
5723,1
15590,1
16109,1
4946,1
2645,1
8960,1
6878,1
33548,1
17670,1
2264,1
1053,1
3819,1
2237,1
3981,1
2325,1
3488,1
14509,1
8288,1
8927,1
4502,1
1691,1
17299,1
1107,1
1146,1
31533,1
296143,1
32378,1
1524,1
1271,1
8383,1
29104,1
42211,1
2594,1
4404,1
11486,1
10378,1
1349,1
7214,1
8711,1
5537,1
7360,1
633,1
1835,1
46645,1
717,1
3154,1
721,1
2068,1
14378,1
32513,1
660,1
9751,1
8581,1
23407,1
27129,1
1450,1
2462,1
8053,1
5379,1
405943,1
45606,1
55731,1
17253,1
10658,1
1281,1
8474,1
6594,1
15835,1
3629,1
14819,1
8358,1
14371,1
10294,1
3479,1
2697,1
23976,1
5626,1
1860,1
13243,1
13524,1
22337,1
1417,1
12317,1
39186,1
5504,1
3241,1
3204,1
4245,1
1749,1
66807,1
5532,1
7574,1
89444,1
17290,1
3055,1
5028,1
7917,1
22123,1
5981,1
18877,1
597,1
25044,1
7940,1
1927,1
27519,1
32509,1
1763,1
812,1
74642,1
6408,1
56950,1
13284,1
2126,1
16157,1
1439,1
3058,1
1523,1
6350,1
85543,1
17493,1
2702,1
2890,1
16697,1
34241,1
11733,1
6433,1
17587,1
12827,1
2267,1
34579,1
908,1
2091,1
12388,1
8900,1
12512,1
1139,1
19719,1
170241,1
787,1
62976,1
2146,1
287399,1
3146,1
2427,1
1645,1
7080,1
956,1
41546,1
31173,1
15141,1
4588,1
1952,1
808,1
8395,1
1333,1
3272,1
1169,1
5273,1
1981,1
2948,1
2411,1
231455,1
6880,1
1401,1
960,1
651,1
203577,1
11231,1
1260,1
798,1
4269,1
29040,1
2313,1
1293,1
12076,1
5903,1
19310,1
21353,1
30133,1
5358,1
1351,1
873,1
4205,1
5616,1
11277,1
5030,1
1843,1
3045,1
15209,1
2015,1
24296,1
74570,1
469,1
33009,1
1158,1
13840,1
6417,1
1105,1
758,1
21991,1
1205,1
6392,1
4311,1
3002,1
28319,1
3455,1
2801,1
11036,1
3805,1
1268,1
197074,1
1286,1
16577,1
17965,1
96138,1
3788,1
3560,1
786,1
9120,1
24953,1
8603,1
3840,1
33311,1
1751,1
1097,1
1565,1
4279,1
5892,1
19328,1
90376,1
7540,1
2878,1
2400,1
10166,1
831,1
1599,1
5918,1
36320,1
9348,1
