70,97
140,22
210,20
50,8
280,7
30,6
320,4
120,3
420,3
40,3
260,3
330,2
432,2
360,2
560,2
630,2
180,2
350,2
20,2
16961,1
3809,1
650,1
264,1
1599,1
6351,1
830,1
103805,1
2940,1
4083,1
170,1
1060,1
43026,1
21687,1
1685,1
27765,1
515,1
4458,1
1640,1
22,1
880,1
190,1
700,1
884958,1
2984,1
520,1
1250,1
7174714,1
30772137,1
2899544,1
2451,1
10,1
400,1
750,1
829,1
2070,1
5523,1
460,1
540,1
1550,1
32,1
2060,1
1340,1
1440,1
3580,1
9153,1
7160,1
42,1
12337,1
16034,1
2831,1
5271,1
177,1
212405,1
10842,1
87435,1
910,1
39555,1
90,1
898,1
230,1
4352,1
240,1
610,1
470,1
980,1
11895,1
622,1
807,1
164556,1
31588,1
60,1
20796,1
1147,1
73352,1
272777,1
1580,1
5153,1
8020,1
770,1
16231,1
51798,1
780,1
1519,1
4205,1
620,1
1160,1
12140,1
392426,1
1800,1
148,1
1750,1
1070,1
57819,1
2669,1
33,1
1705,1
4772,1
125001,1
390,1
23727,1
1830,1
410,1
575665,1
954,1
6253,1
430,1
900,1
8941,1
4043,1
1320,1
86,1
1502511,1
