1,5608870
2,682691
3,236506
4,120358
5,73849
6,49573
7,36061
8,27328
9,21655
10,17335
11,14457
12,11993
13,10330
14,8851
15,7635
16,6827
17,6135
18,5398
19,4832
20,4374
21,3904
22,3489
23,3152
24,3040
25,2801
26,2579
27,2407
28,2220
29,2210
30,2042
31,1908
32,1741
33,1625
35,1507
34,1480
36,1360
37,1312
38,1238
39,1199
40,1114
41,1092
42,1033
44,974
43,927
45,891
46,835
47,833
48,796
49,769
50,766
51,696
52,690
53,631
54,606
56,597
57,588
58,568
60,548
59,547
55,546
61,516
62,510
63,461
64,444
66,428
67,427
65,418
68,411
69,391
70,383
71,380
72,358
73,357
76,352
74,338
75,326
77,308
80,301
78,299
83,286
79,285
81,279
84,278
85,274
82,266
87,250
89,250
91,241
88,240
92,236
95,233
97,233
90,233
93,231
94,229
86,227
96,215
100,206
101,198
99,194
105,189
104,179
103,179
98,173
108,168
102,167
110,160
107,159
106,158
119,154
113,152
111,151
114,151
112,151
115,150
117,144
116,143
121,142
125,138
120,137
122,136
128,135
123,134
118,133
109,133
127,124
126,123
124,121
135,117
129,115
130,114
141,112
132,111
136,110
139,109
131,107
133,105
134,104
140,103
143,103
142,102
144,101
137,100
172,97
138,96
147,94
145,92
155,89
160,88
148,87
146,86
159,86
150,85
154,85
152,84
158,83
161,81
188,80
165,80
149,80
151,80
157,79
174,78
164,77
153,76
163,75
176,75
184,73
156,73
167,72
168,72
175,70
162,69
203,68
166,68
192,67
182,67
181,66
171,65
178,65
170,65
169,64
204,63
199,63
196,61
180,61
209,59
191,57
186,57
183,56
198,56
210,56
189,55
197,55
179,55
195,54
173,54
190,53
234,52
216,52
224,52
206,51
218,51
207,50
244,49
187,49
226,49
185,49
219,49
221,49
228,48
213,47
229,47
177,47
205,47
208,46
202,46
211,46
200,45
225,45
214,44
240,44
227,43
201,43
193,43
255,43
247,42
250,42
238,42
253,42
236,41
212,41
222,40
239,40
237,40
194,40
230,39
246,39
232,39
267,39
220,39
241,38
231,38
295,37
302,37
304,37
277,37
252,37
284,37
258,37
276,36
248,36
243,36
264,36
215,36
303,35
293,35
271,35
270,34
280,34
235,34
288,33
317,33
291,33
262,33
223,33
296,33
278,32
263,32
309,32
257,31
287,31
269,31
233,31
266,31
256,31
316,31
268,30
242,30
297,30
251,30
245,30
299,30
274,29
261,29
300,29
254,29
281,28
259,28
411,28
249,28
290,27
282,27
336,26
298,26
322,26
279,26
265,26
306,26
402,25
294,25
260,25
285,25
321,25
314,25
217,24
318,23
289,23
327,23
353,23
341,23
286,23
347,23
354,23
323,23
391,22
427,21
312,21
308,21
272,21
367,21
332,21
275,21
359,21
292,21
305,21
361,21
333,21
311,20
335,20
373,20
390,20
349,20
283,20
348,20
331,20
374,20
319,20
352,20
326,19
355,19
430,19
360,19
400,19
343,19
320,19
387,19
384,18
370,18
307,18
340,18
419,18
273,18
330,18
339,18
364,17
338,17
425,17
356,17
455,17
328,17
334,17
365,17
396,17
456,17
301,17
358,17
485,17
371,17
491,17
420,17
476,17
441,17
362,16
344,16
366,16
405,16
357,16
315,16
368,16
329,16
408,16
382,16
469,16
409,16
518,16
388,16
432,16
709,16
395,16
471,16
345,16
372,15
418,15
403,15
337,15
377,15
393,15
468,15
498,15
375,15
484,15
421,15
449,15
342,15
350,15
351,15
363,15
404,15
379,15
401,15
414,15
324,15
386,14
496,14
433,14
313,14
310,14
511,14
512,14
426,14
346,14
479,14
407,14
444,14
501,13
514,13
410,13
399,13
464,13
416,13
397,13
389,13
325,13
531,13
461,13
415,13
458,13
385,13
494,13
423,13
606,13
376,13
486,12
487,12
615,12
467,12
490,12
437,12
493,12
429,12
398,12
406,12
527,12
645,12
380,12
446,12
465,12
460,12
506,12
457,12
448,12
516,12
383,12
558,11
562,11
442,11
503,11
774,11
522,11
629,11
431,11
539,11
417,11
412,11
602,11
555,11
424,11
563,11
378,11
688,11
452,10
537,10
445,10
561,10
454,10
440,10
730,10
499,10
533,10
413,10
428,10
497,10
605,10
632,10
492,10
495,10
394,10
572,10
462,10
436,10
438,10
515,10
538,10
478,10
523,10
463,10
526,10
470,10
489,10
625,10
616,10
483,10
480,9
631,9
620,9
604,9
453,9
573,9
524,9
627,9
519,9
687,9
654,9
587,9
435,9
475,9
750,9
439,9
593,9
548,9
550,9
508,9
520,9
547,9
530,9
517,9
392,9
683,9
641,9
689,8
792,8
450,8
596,8
578,8
528,8
655,8
726,8
591,8
566,8
633,8
679,8
553,8
568,8
628,8
529,8
642,8
893,8
622,8
443,8
613,8
571,8
504,8
732,8
638,8
482,8
634,8
472,8
556,8
828,8
513,8
663,8
586,8
773,8
580,8
535,8
598,8
694,8
546,8
729,8
594,8
789,8
630,8
640,8
804,8
590,8
381,8
509,7
643,7
810,7
589,7
743,7
369,7
849,7
544,7
922,7
614,7
451,7
720,7
447,7
603,7
488,7
778,7
619,7
646,7
599,7
600,7
609,7
695,7
477,7
748,7
585,7
708,7
582,7
665,7
608,7
565,7
652,7
672,7
955,7
701,7
770,7
832,7
712,7
545,6
727,6
549,6
1050,6
967,6
685,6
542,6
699,6
784,6
597,6
473,6
532,6
858,6
612,6
760,6
990,6
525,6
560,6
666,6
835,6
844,6
637,6
647,6
796,6
607,6
624,6
984,6
650,6
648,6
786,6
814,6
742,6
719,6
902,6
713,6
466,6
422,6
702,6
710,6
570,6
734,6
980,6
791,6
736,6
459,6
852,6
1197,6
797,6
919,6
588,6
564,6
657,6
733,6
848,6
752,6
601,6
851,6
690,6
554,6
675,6
937,6
510,6
481,6
611,6
552,6
795,6
592,5
474,5
747,5
541,5
803,5
741,5
653,5
651,5
759,5
859,5
569,5
543,5
820,5
581,5
890,5
800,5
636,5
889,5
740,5
1076,5
783,5
703,5
1054,5
1067,5
722,5
671,5
649,5
623,5
1436,5
669,5
751,5
725,5
1179,5
961,5
706,5
1057,5
1147,5
1077,5
551,5
1161,5
756,5
681,5
1123,5
583,5
574,5
864,5
950,5
1034,5
1031,5
567,5
827,5
745,5
579,5
644,5
1020,5
1131,5
660,5
793,5
626,5
659,5
557,5
1105,5
976,5
662,5
749,5
1295,5
540,5
746,5
951,5
731,5
559,5
1129,4
959,4
575,4
944,4
1185,4
964,4
909,4
718,4
1069,4
595,4
680,4
798,4
873,4
534,4
1190,4
1353,4
899,4
2044,4
716,4
1000,4
764,4
674,4
1880,4
1863,4
763,4
805,4
1401,4
960,4
1015,4
850,4
697,4
788,4
584,4
667,4
1340,4
1160,4
916,4
700,4
801,4
1301,4
855,4
1056,4
872,4
866,4
1217,4
1082,4
787,4
833,4
769,4
1402,4
668,4
658,4
1062,4
824,4
1032,4
1113,4
910,4
1267,4
536,4
1081,4
714,4
1425,4
434,4
678,4
973,4
1003,4
1092,4
847,4
818,4
830,4
502,4
1002,4
691,4
900,4
1090,4
776,4
1452,4
782,4
891,4
987,4
861,4
1589,4
945,4
1087,4
500,4
836,4
1170,4
521,4
854,4
1189,4
963,4
507,4
1058,4
780,4
904,4
1089,4
1124,4
670,4
505,4
1023,4
661,4
744,4
1633,4
724,4
1484,4
1365,4
673,4
617,4
761,4
885,4
1610,4
1047,4
947,4
1007,4
1486,4
822,4
704,4
621,4
863,4
3426,3
1026,3
1059,3
1265,3
1025,3
1593,3
954,3
869,3
1510,3
3117,3
1104,3
771,3
1144,3
1065,3
1010,3
952,3
2306,3
1022,3
1009,3
1381,3
975,3
921,3
635,3
929,3
1136,3
1685,3
721,3
879,3
2654,3
1127,3
841,3
1984,3
693,3
1252,3
639,3
1080,3
1115,3
1126,3
1130,3
707,3
1503,3
985,3
1322,3
1239,3
2496,3
1455,3
765,3
1406,3
993,3
846,3
1202,3
1502,3
1229,3
790,3
753,3
821,3
875,3
931,3
1350,3
1838,3
856,3
754,3
933,3
757,3
983,3
2290,3
3138,3
715,3
965,3
887,3
1294,3
807,3
867,3
1310,3
735,3
1228,3
865,3
1992,3
811,3
1506,3
576,3
979,3
1151,3
1053,3
2279,3
728,3
1634,3
1049,3
2843,3
1235,3
1096,3
2092,3
880,3
1493,3
924,3
1756,3
1210,3
1336,3
739,3
1027,3
772,3
874,3
1200,3
1014,3
1718,3
1213,3
2810,3
903,3
610,3
3310,3
843,3
2097,3
962,3
1504,3
1612,3
948,3
1021,3
1731,3
1735,3
831,3
2422,3
1204,3
577,3
1909,3
1071,3
2037,3
767,3
1225,3
1259,3
883,3
1393,3
1138,3
905,3
1820,3
1489,3
1303,3
1063,3
1328,3
2303,3
1973,3
1182,3
2467,3
2867,3
692,3
949,3
1511,3
758,3
1060,3
920,3
881,3
809,3
1168,3
1629,3
738,3
1116,3
766,3
953,3
799,3
1618,3
676,3
958,3
1361,3
1349,3
8608,3
994,3
981,3
682,3
1627,3
2156,2
1094,2
1658,2
1188,2
1980,2
2828,2
1157,2
823,2
1152,2
1829,2
870,2
2470,2
1283,2
1256,2
1953,2
4553,2
1699,2
1292,2
2008,2
1193,2
1029,2
1614,2
1676,2
1195,2
1293,2
1684,2
1470,2
1907,2
1309,2
2732,2
677,2
1527,2
930,2
1317,2
2401,2
842,2
1095,2
1360,2
1277,2
992,2
2102,2
1708,2
2361,2
1246,2
1733,2
845,2
1230,2
1121,2
1997,2
1341,2
1889,2
1066,2
1449,2
1763,2
2961,2
1540,2
5400,2
1529,2
1041,2
1264,2
7969,2
1078,2
1981,2
1169,2
1367,2
1132,2
2637,2
969,2
717,2
1581,2
942,2
1201,2
2746,2
826,2
1672,2
2342,2
698,2
1039,2
839,2
2890,2
3155,2
938,2
1642,2
907,2
1085,2
1695,2
1416,2
1271,2
2975,2
2185,2
2938,2
2584,2
1248,2
2104,2
1560,2
2390,2
1279,2
1183,2
2736,2
1385,2
868,2
838,2
5232,2
1464,2
1538,2
1595,2
2563,2
1638,2
3654,2
2115,2
1765,2
2410,2
3724,2
1988,2
2030,2
1936,2
1019,2
2713,2
3110,2
1850,2
1482,2
2763,2
1648,2
1321,2
1358,2
711,2
1616,2
1281,2
1702,2
1582,2
1102,2
996,2
1378,2
2084,2
2170,2
1516,2
808,2
1300,2
1156,2
1615,2
1499,2
957,2
1743,2
5230,2
998,2
1567,2
878,2
10514,2
1343,2
1376,2
1119,2
1530,2
2857,2
1447,2
1495,2
1839,2
908,2
3673,2
2118,2
1194,2
1755,2
1394,2
3212,2
3473,2
2688,2
1159,2
1556,2
815,2
2367,2
813,2
5390,2
1176,2
1749,2
1585,2
2640,2
1388,2
978,2
1816,2
1038,2
1191,2
3350,2
837,2
3639,2
3730,2
2095,2
913,2
1646,2
1268,2
2617,2
1286,2
1611,2
1590,2
971,2
2943,2
2402,2
1327,2
2817,2
1826,2
1778,2
1474,2
1478,2
1024,2
1598,2
737,2
6694,2
1967,2
1173,2
1978,2
4897,2
1275,2
3987,2
1262,2
1165,2
876,2
4159,2
1064,2
1110,2
1958,2
1594,2
1214,2
1242,2
618,2
2211,2
2893,2
1635,2
1164,2
2270,2
1698,2
1347,2
2261,2
1154,2
1481,2
1522,2
2965,2
1468,2
1715,2
1335,2
816,2
4872,2
1329,2
1908,2
1162,2
860,2
5030,2
1587,2
2015,2
1083,2
1363,2
1331,2
723,2
1368,2
11780,2
1441,2
966,2
1269,2
1775,2
2466,2
3263,2
1223,2
1599,2
1042,2
2614,2
1433,2
2737,2
2145,2
1784,2
2661,2
1103,2
1236,2
1810,2
1737,2
1795,2
686,2
901,2
1426,2
1514,2
777,2
1392,2
995,2
3876,2
895,2
1180,2
1432,2
1109,2
840,2
1876,2
1209,2
4543,2
1035,2
1497,2
857,2
1546,2
884,2
1954,2
2457,2
1231,2
1307,2
2219,2
1263,2
2762,2
1203,2
892,2
991,2
1600,2
1479,2
2541,2
2147,2
1045,2
1554,2
1649,2
2249,2
1767,2
2292,2
2057,2
1874,2
2340,2
1006,2
1108,2
825,2
946,2
1817,2
2291,2
2103,2
1070,2
1036,2
1819,2
1276,2
1033,2
1467,2
1342,2
4397,2
1675,2
5095,2
3298,2
781,2
4460,2
4187,2
1905,2
989,2
970,2
779,2
2315,2
1920,2
4309,2
3372,2
2414,2
1187,2
1440,2
2993,2
934,2
1332,2
1793,2
1657,2
1117,2
7195,2
1998,2
1866,2
1857,2
1244,2
762,2
2609,1
9914,1
2138,1
22315,1
2032,1
5331,1
4641,1
1390,1
1904,1
18324,1
28508,1
2755,1
2572,1
5262,1
1334,1
7610,1
10219,1
26831,1
1806,1
39627,1
1677,1
17979,1
1697,1
2214,1
17971,1
9571,1
19446,1
6324,1
11639,1
1088,1
1659,1
4352,1
2873,1
236333,1
2986,1
932,1
24104,1
3024,1
1374,1
1403,1
35862,1
2439,1
1430,1
3180,1
98928,1
2257,1
2323,1
4833,1
20117,1
4214,1
14291,1
29630,1
1487,1
4114,1
4244,1
1779,1
3807,1
2784,1
1771,1
2336,1
1549,1
76707,1
4677,1
1240,1
2212,1
21094,1
1444,1
163030,1
1513,1
894,1
4501,1
5601,1
2506,1
396846,1
1562,1
12823,1
1518,1
2690,1
2117,1
65367,1
4323,1
2054,1
1491,1
2248,1
11415,1
1234,1
4337,1
1198,1
6888,1
89059,1
1389,1
3192,1
4016,1
13922,1
16343,1
8332,1
4899,1
30016,1
3381,1
2399,1
1249,1
2313,1
2165,1
3025,1
1888,1
12810,1
3901,1
44103,1
6448,1
129147,1
78739,1
1999,1
2635,1
1413,1
23376,1
4424,1
14231,1
2980,1
1812,1
140082,1
11437,1
25675,1
1968,1
11935,1
32059,1
1221,1
24421,1
1305,1
2540,1
3022,1
3230,1
2720,1
3243,1
4413,1
2007,1
3015,1
11771,1
1224,1
1840,1
10237,1
2812,1
4126,1
2664,1
3588,1
91487,1
3257,1
23660,1
10574,1
1466,1
1044,1
2571,1
30648,1
22004,1
1803,1
3441,1
2243,1
5205,1
3245,1
3123,1
1620,1
917,1
35925,1
8135,1
1833,1
11199,1
7727,1
5875,1
22199,1
4845,1
4188,1
3974,1
10281,1
15338,1
2438,1
3485,1
977,1
3355,1
2695,1
4591,1
37771,1
4015,1
3868,1
6574,1
7246,1
1703,1
4204,1
4483,1
1091,1
2133,1
4240,1
3637,1
2036,1
24495,1
1822,1
1928,1
11335,1
1864,1
9493,1
3055,1
5864,1
1848,1
2274,1
2428,1
2933,1
1043,1
122448,1
9950,1
3104,1
812,1
13159,1
5611,1
2748,1
2224,1
4425,1
1192,1
4657,1
2158,1
4668,1
10566,1
6045,1
5031,1
3362,1
5823,1
2577,1
1427,1
3269,1
2929,1
6999,1
1887,1
1681,1
1892,1
1872,1
4842,1
3394,1
7363,1
3164,1
3478,1
2132,1
1093,1
41177,1
3129,1
1352,1
13162,1
2411,1
8660,1
2492,1
2413,1
6115,1
1741,1
1257,1
6951,1
56851,1
3143,1
3121,1
5499,1
3314,1
1163,1
9477,1
15182,1
6047,1
2774,1
4516,1
3154,1
888,1
3582,1
6916,1
3508,1
25372,1
351949,1
6800,1
30893,1
3523,1
397452,1
5333,1
6232,1
1747,1
3277,1
453649,1
2269,1
2702,1
1985,1
4741,1
68449,1
5285,1
4341,1
1883,1
3458,1
2861,1
1689,1
8170,1
4785,1
5834,1
2051,1
2171,1
1574,1
1273,1
1783,1
26661,1
1409,1
1371,1
11243,1
3845,1
2909,1
2989,1
26541,1
2994,1
1013,1
1412,1
2072,1
1172,1
29680,1
3994,1
2347,1
4310,1
36672,1
4146,1
3271,1
15554,1
1830,1
3351,1
4555,1
4260,1
1995,1
1650,1
2606,1
14649,1
29484,1
1548,1
1153,1
8935,1
3041,1
1146,1
1691,1
1107,1
1524,1
7389,1
5196,1
4502,1
6331,1
1199,1
1445,1
2300,1
2700,1
3092,1
2854,1
11470,1
2116,1
3326,1
1052,1
2684,1
35976,1
8712,1
3569,1
1831,1
915,1
1395,1
912,1
15117,1
4780,1
4575,1
3759,1
2038,1
4012,1
10283,1
1515,1
2744,1
1125,1
5315,1
1496,1
5433,1
2194,1
1725,1
1534,1
2850,1
7645,1
3132,1
1446,1
27902,1
9989,1
1469,1
2396,1
7361,1
8605,1
5480,1
1844,1
16055,1
2295,1
157998,1
28220,1
1477,1
49147,1
4103,1
1030,1
2454,1
12745,1
4129,1
67632,1
4122,1
2847,1
3188,1
5731,1
11526,1
4199,1
9399,1
911,1
2958,1
9074,1
3493,1
1808,1
32424,1
10610,1
9404,1
8892,1
4828,1
5223,1
4094,1
50295,1
2565,1
3268,1
2142,1
943,1
5592,1
1912,1
18064,1
1990,1
3220,1
16482,1
3852,1
7521,1
1692,1
5114,1
16669,1
4565,1
23507,1
2675,1
23283,1
2704,1
152529,1
1673,1
2848,1
1807,1
69450,1
3163,1
8420,1
4485,1
34369,1
3395,1
1861,1
9593,1
1788,1
2124,1
3290,1
2452,1
3135,1
7294,1
10223,1
5452,1
4415,1
4107,1
5069,1
10126,1
1544,1
1454,1
2406,1
2370,1
5545,1
3284,1
2497,1
1591,1
4835,1
14547,1
1175,1
3866,1
1919,1
705,1
1463,1
3034,1
2797,1
75440,1
2371,1
13907,1
4030,1
5489,1
4003,1
4246,1
2421,1
332996,1
141814,1
2348,1
16534,1
3050,1
6092,1
3575,1
11355,1
10170,1
2922,1
3541,1
3884,1
42540,1
1902,1
10301,1
71370,1
1274,1
11399,1
1018,1
2089,1
37177,1
2179,1
2904,1
8941,1
10712,1
1419,1
6814,1
17288,1
1576,1
2318,1
1683,1
4914,1
6004,1
7836,1
8130,1
27058,1
18468,1
21398,1
1247,1
6590,1
1106,1
2000,1
4481,1
1742,1
35320,1
1604,1
4056,1
3976,1
72903,1
5696,1
664,1
3864,1
1584,1
1387,1
4617,1
2146,1
2955,1
3711,1
3745,1
25853,1
3146,1
1061,1
8983,1
5176,1
2595,1
3857,1
1570,1
4801,1
2758,1
14647,1
7470,1
1774,1
6414,1
3130,1
6903,1
2997,1
19422,1
1541,1
2005,1
7463,1
1586,1
8381,1
1320,1
20008,1
1621,1
8594,1
1881,1
1579,1
1796,1
3439,1
1605,1
1977,1
1772,1
10006,1
3039,1
157306,1
1254,1
28542,1
3892,1
6134,1
1572,1
1631,1
5340,1
4625,1
21658,1
18499,1
3823,1
1667,1
3883,1
4195,1
8230,1
12310,1
3604,1
10161,1
12152,1
996574,1
9539,1
4479,1
1969,1
3173,1
2558,1
1485,1
1930,1
5180,1
45749,1
1212,1
3136,1
1559,1
5087,1
16744,1
7642,1
68994,1
2531,1
2168,1
7129,1
9780,1
2356,1
1602,1
2247,1
1942,1
1280,1
7077,1
926,1
6362,1
8082,1
12328,1
2551,1
1782,1
8900,1
2078,1
4952,1
16401,1
13641,1
4554,1
39318,1
3973,1
4514,1
13285,1
129554,1
3097,1
1533,1
3249,1
1490,1
378974,1
1668,1
2031,1
4454,1
6512,1
12071,1
13667,1
2481,1
986,1
1720,1
1356,1
4735,1
11875,1
2236,1
2644,1
972,1
2722,1
1947,1
2808,1
1404,1
3084,1
17777,1
3283,1
40701,1
24146,1
10564,1
1456,1
2222,1
18292,1
19727,1
2884,1
7108,1
1948,1
39908,1
3446,1
25815,1
1206,1
4643,1
3887,1
1855,1
11006,1
1457,1
2638,1
4858,1
1417,1
3344,1
2302,1
13079,1
1143,1
1245,1
4889,1
1828,1
9463,1
30361,1
2465,1
4427,1
1227,1
7230,1
2516,1
8507,1
4162,1
2024,1
1662,1
1890,1
30533,1
5356,1
2566,1
322498,1
1894,1
3935,1
40966,1
1232,1
11516,1
41380,1
7500,1
2710,1
1174,1
26092,1
4020,1
2071,1
39110,1
6298,1
2772,1
56278,1
2562,1
2354,1
1669,1
5083,1
37211,1
5961,1
2268,1
6564,1
9029,1
1429,1
2096,1
3819,1
2264,1
3202,1
17677,1
7187,1
2633,1
3227,1
58784,1
4529,1
3765,1
5000,1
2446,1
13318,1
1142,1
15207,1
1750,1
6356,1
2636,1
10274,1
36371,1
2523,1
4081,1
1086,1
2258,1
1791,1
147012,1
134995,1
6278,1
1243,1
1384,1
1827,1
4476,1
2801,1
3774,1
2431,1
33590,1
27857,1
2913,1
1369,1
43503,1
829,1
13009,1
886,1
1418,1
8803,1
3160,1
1171,1
7960,1
14503,1
785,1
2650,1
2553,1
2287,1
39159,1
2743,1
12156,1
4493,1
18059,1
7976,1
3672,1
16056,1
4045,1
1398,1
1758,1
2082,1
5659,1
2016,1
3275,1
1299,1
16360,1
1312,1
1472,1
6828,1
73483,1
2742,1
1099,1
4079,1
2376,1
9162,1
4432,1
34027,1
3518,1
1625,1
2852,1
2853,1
5353,1
928,1
27401,1
6222,1
1284,1
1536,1
2231,1
10760,1
3196,1
90001,1
2098,1
5035,1
5528,1
8802,1
2182,1
30689,1
2530,1
4043,1
3168,1
2319,1
1101,1
3101,1
1017,1
6420,1
2048,1
1521,1
4373,1
54333,1
21860,1
3479,1
10371,1
2697,1
1860,1
9307,1
1302,1
111958,1
5334,1
7254,1
2119,1
3252,1
6922,1
2486,1
7612,1
2157,1
7867,1
1836,1
21358,1
6490,1
5229,1
1325,1
35198,1
2218,1
3750,1
117188,1
2576,1
12378,1
7323,1
86172,1
7272,1
4822,1
3894,1
3217,1
1520,1
67364,1
2498,1
105167,1
2310,1
1915,1
2202,1
17775,1
6932,1
3546,1
6468,1
11100,1
3587,1
7110,1
160623,1
3448,1
8385,1
1719,1
1315,1
7887,1
1097,1
2910,1
2155,1
8430,1
1396,1
1220,1
24220,1
4209,1
10196,1
17656,1
9103,1
2589,1
1500,1
2874,1
2420,1
10866,1
180441,1
1739,1
8119,1
6012,1
4151,1
13875,1
1048,1
3342,1
3926,1
1364,1
15015,1
3374,1
1337,1
6272,1
2442,1
2698,1
1166,1
41457,1
3027,1
1619,1
12534,1
5294,1
17347,1
1186,1
1818,1
3875,1
24227,1
3571,1
2779,1
25494,1
1208,1
7720,1
1647,1
69514,1
7292,1
1266,1
3456,1
8529,1
1696,1
3296,1
2881,1
656,1
6555,1
4161,1
2244,1
2033,1
5733,1
939,1
853,1
11440,1
2309,1
79261,1
19935,1
5826,1
15994,1
1799,1
1415,1
1508,1
2080,1
2537,1
17950,1
12394,1
12434,1
7490,1
7071,1
3530,1
4564,1
3001,1
4850,1
37287,1
2800,1
2804,1
4539,1
5061,1
11379,1
16405,1
2383,1
1700,1
1884,1
10501,1
5014,1
1723,1
2134,1
52583,1
3043,1
14207,1
40057,1
3754,1
12224,1
15144,1
23215,1
334713,1
3918,1
936,1
34794,1
1407,1
2027,1
2616,1
2968,1
1786,1
1994,1
3328,1
495012,1
1809,1
6544,1
1804,1
2951,1
29379,1
8805,1
3831,1
41194,1
1761,1
1437,1
14130,1
1923,1
5326,1
4817,1
215100,1
21974,1
3595,1
9100,1
11580,1
5474,1
7588,1
2837,1
12696,1
36288,1
6539,1
4776,1
13047,1
1149,1
1135,1
9465,1
4488,1
1535,1
5706,1
21023,1
1323,1
9145,1
4847,1
2397,1
8610,1
7028,1
1945,1
2862,1
1624,1
5288,1
7128,1
1465,1
9971,1
1372,1
3544,1
7313,1
2004,1
28121,1
2359,1
3463,1
2999,1
7998,1
6202,1
5968,1
24523,1
4057,1
3667,1
7010,1
2400,1
2175,1
4300,1
2403,1
9200,1
3021,1
1660,1
5308,1
1414,1
9433,1
3023,1
1008,1
3476,1
5017,1
19462,1
806,1
5170,1
2210,1
3095,1
10057,1
1278,1
6461,1
1653,1
3681,1
6642,1
7160,1
1379,1
5938,1
8641,1
2567,1
1046,1
48392,1
4580,1
22507,1
1253,1
449682,1
16477,1
2114,1
2374,1
8957,1
1386,1
4581,1
3596,1
1825,1
6119,1
3346,1
28287,1
16066,1
3337,1
3214,1
28866,1
1785,1
10383,1
4685,1
1238,1
17056,1
3433,1
3535,1
1040,1
2242,1
11670,1
4722,1
1316,1
16564,1
2079,1
2062,1
28409,1
5157,1
1118,1
2876,1
896,1
3658,1
3318,1
2259,1
7957,1
2985,1
1800,1
21559,1
1955,1
29547,1
13141,1
5097,1
5301,1
2335,1
1559473,1
4906,1
3522,1
1005,1
988,1
4754,1
3415,1
11681,1
2888,1
2189,1
11671,1
36299,1
4663,1
2266,1
2206,1
1745,1
2877,1
5914,1
4025,1
49920,1
6326,1
1571,1
2192,1
5086,1
6731,1
2953,1
66917,1
1311,1
2507,1
2686,1
2425,1
2725,1
9116,1
2588,1
2510,1
9777,1
19852,1
7203,1
1120,1
2682,1
14082,1
1910,1
5609,1
2514,1
3349,1
12418,1
3992,1
3543,1
2178,1
7986,1
1706,1
2518,1
4715,1
5054,1
1773,1
26700,1
1098,1
1665,1
37554,1
60125,1
1832,1
3070,1
1754,1
3208,1
2511,1
4549,1
1764,1
2931,1
25412,1
8258,1
2945,1
2379,1
2120,1
1366,1
5213,1
1740,1
6690,1
10000,1
2882,1
1547,1
1636,1
6986,1
2984,1
6406,1
2727,1
8441,1
3079,1
1306,1
7931,1
43057,1
1802,1
2283,1
3082,1
144619,1
2426,1
117523,1
4778,1
1734,1
2790,1
10698,1
23809,1
2066,1
68258,1
1762,1
3308,1
1823,1
2320,1
4430,1
2330,1
45964,1
5004,1
2393,1
270222,1
6357,1
4261,1
2432,1
7056,1
914,1
2655,1
2301,1
2188,1
10512,1
3231,1
1272,1
5012,1
10791,1
66406,1
4001,1
5191,1
24789,1
16002,1
1498,1
4674,1
3364,1
3897,1
3151,1
8317,1
8410,1
1072,1
19927,1
2469,1
2020,1
3191,1
8922,1
2771,1
1359,1
2081,1
4009,1
3527,1
12483,1
935,1
4065,1
1298,1
20519,1
1216,1
143850,1
6283,1
7067,1
1226,1
8833,1
17317,1
2127,1
1177,1
4609,1
1946,1
7138,1
1525,1
3772,1
1215,1
10522,1
2028,1
1759,1
4212,1
3128,1
5513,1
4644,1
862,1
2083,1
2077,1
1073,1
4986,1
696,1
1051,1
53752,1
2223,1
1128,1
1550,1
34709,1
2462,1
5379,1
918,1
2326,1
1637,1
3829,1
802,1
1450,1
8836,1
1564,1
19514,1
2412,1
4286,1
361487,1
14381,1
6079,1
2018,1
3646,1
2579,1
3951,1
14110,1
1641,1
6350,1
2246,1
24328,1
2126,1
2962,1
1288,1
6303,1
7987,1
882,1
2164,1
3608,1
997,1
10064,1
1898,1
14917,1
3005,1
52252,1
2879,1
9178,1
7000,1
1862,1
2075,1
23606,1
12653,1
14362,1
2872,1
7252,1
14591,1
2023,1
22652,1
3221,1
4173,1
3880,1
3166,1
16910,1
35808,1
1917,1
5855,1
1922,1
11781,1
1563,1
5077,1
3335,1
2679,1
4285,1
5076,1
1797,1
236054,1
5580,1
1141289,1
10075,1
1852,1
35089,1
1205,1
1656,1
12575,1
4388,1
2542,1
143301,1
1424,1
6295,1
2017,1
1651,1
4249,1
1222,1
1237,1
5543,1
1453,1
4213,1
3915,1
2826,1
7106,1
6421,1
4083,1
4681,1
6088,1
2786,1
20969,1
1233,1
11371,1
3559,1
2076,1
7149,1
968,1
897,1
2705,1
11498,1
2716,1
5978,1
1901,1
2645,1
4760,1
1004,1
3579,1
1133,1
1526,1
2317,1
1338,1
4277,1
2263,1
1241,1
5871,1
4478,1
4480,1
10287,1
2966,1
2355,1
16189,1
4405,1
96371,1
2180,1
19585,1
20292,1
25100,1
2271,1
33763,1
877,1
3881,1
35991,1
2793,1
7237,1
1362,1
1924,1
2546,1
12142,1
2276,1
41110,1
19464,1
37155,1
27029,1
6068,1
14027,1
2085,1
44172,1
755,1
4611,1
7428,1
1674,1
1939,1
1989,1
1713,1
12757,1
108359,1
9362,1
1434,1
4646,1
8222,1
4293,1
4752,1
3323,1
3760,1
1400,1
3145,1
9407,1
38152,1
8683,1
2559,1
1314,1
4633,1
4579,1
4725,1
974,1
9855,1
2652,1
6896,1
2631,1
5442,1
1140,1
85318,1
1732,1
2930,1
3982,1
5776,1
1313,1
14715,1
16522,1
5672,1
2726,1
4031,1
3537,1
4981,1
5367,1
3250,1
3294,1
40405,1
3771,1
3006,1
9821,1
14768,1
16788,1
27939,1
2604,1
1068,1
45296,1
2813,1
13889,1
16348,1
1561,1
8478,1
5141,1
1255,1
2674,1
9437,1
2154,1
13402,1
159342,1
5510,1
83329,1
27807,1
1569,1
16823,1
25011,1
5965,1
2964,1
1308,1
2052,1
2013,1
1688,1
4976,1
7299,1
1885,1
16110,1
3147,1
10869,1
12143,1
2061,1
1959,1
2899,1
9111,1
7422,1
1842,1
1155,1
819,1
