1,343
2,182
3,105
4,91
5,91
6,61
7,53
10,49
8,43
11,41
13,40
14,36
16,34
20,33
12,33
9,30
25,29
17,28
15,28
24,27
32,26
29,26
22,26
21,26
19,25
30,25
28,23
27,22
33,22
31,22
23,22
26,21
42,20
18,19
38,18
35,18
77,17
34,17
36,17
57,16
56,16
41,16
80,16
68,15
54,15
82,15
81,14
39,14
71,14
120,13
136,13
52,13
46,13
109,13
76,12
47,12
84,12
106,12
48,12
129,12
37,11
125,11
70,11
53,11
95,11
69,11
75,11
51,11
40,11
43,10
79,10
83,10
73,10
74,10
66,10
122,10
65,9
113,9
50,9
62,9
98,9
87,9
153,9
55,9
100,9
97,9
86,9
60,9
91,9
63,8
61,8
112,8
126,8
148,8
72,8
58,8
134,8
90,8
251,8
104,7
169,7
188,7
151,7
78,7
297,7
45,7
103,7
96,7
185,7
85,7
128,7
108,7
89,7
156,7
59,7
93,7
176,7
119,6
49,6
64,6
264,6
144,6
157,6
107,6
139,6
143,6
114,6
115,6
193,6
452,6
44,6
141,6
329,6
164,6
217,6
189,6
152,6
263,6
211,6
170,5
209,5
160,5
234,5
172,5
278,5
705,5
177,5
140,5
223,5
287,5
427,5
130,5
167,5
200,5
202,5
388,5
145,5
304,5
375,5
132,5
105,5
186,5
359,5
173,5
256,5
147,5
138,5
361,5
222,5
158,4
248,4
88,4
257,4
226,4
242,4
430,4
124,4
269,4
404,4
230,4
165,4
347,4
426,4
350,4
94,4
190,4
110,4
531,4
182,4
203,4
116,4
215,4
271,4
378,4
413,4
462,4
161,4
816,4
870,4
950,4
67,4
339,4
306,4
563,4
318,4
381,4
383,4
380,4
1715,4
422,4
154,4
475,4
302,4
603,4
598,4
524,4
135,4
117,4
133,4
351,4
99,4
300,4
338,4
285,4
647,4
259,4
204,4
183,4
240,4
254,4
207,4
270,4
389,3
713,3
1108,3
1051,3
535,3
716,3
316,3
863,3
576,3
239,3
465,3
292,3
101,3
319,3
243,3
387,3
231,3
298,3
162,3
473,3
337,3
440,3
315,3
436,3
180,3
564,3
241,3
1547,3
277,3
348,3
385,3
184,3
734,3
399,3
262,3
421,3
149,3
902,3
275,3
343,3
187,3
496,3
402,3
201,3
670,3
227,3
562,3
450,3
353,3
178,3
235,3
414,3
621,3
255,3
499,3
214,3
377,3
349,3
252,3
818,3
411,3
867,3
403,3
797,3
224,3
218,3
127,3
947,3
981,3
441,3
433,3
428,3
131,3
1155,3
249,3
220,3
382,3
206,3
288,3
171,3
322,3
390,3
166,3
1524,3
265,3
508,3
904,3
286,3
335,3
1078,3
313,3
493,3
542,3
137,3
291,3
159,3
510,3
676,3
578,3
571,3
489,3
142,3
324,3
730,3
293,3
397,2
796,2
447,2
429,2
466,2
210,2
1877,2
1560,2
328,2
1115,2
405,2
208,2
2496,2
712,2
946,2
174,2
1997,2
555,2
1025,2
909,2
150,2
437,2
191,2
1277,2
541,2
418,2
2026,2
2550,2
2705,2
554,2
2191,2
710,2
1166,2
1522,2
451,2
435,2
2465,2
283,2
363,2
2386,2
1300,2
289,2
2145,2
1379,2
748,2
500,2
6244,2
1392,2
1053,2
1226,2
9186,2
7339,2
2944,2
367,2
410,2
967,2
344,2
615,2
1752,2
1459,2
1680,2
92,2
391,2
1272,2
192,2
1701,2
296,2
195,2
1318,2
1705,2
860,2
602,2
1983,2
237,2
1636,2
415,2
272,2
1151,2
944,2
515,2
751,2
1152,2
2828,2
1157,2
196,2
1050,2
736,2
155,2
175,2
4066,2
1200,2
858,2
691,2
2537,2
3100,2
362,2
325,2
624,2
1768,2
228,2
770,2
862,2
439,2
708,2
513,2
812,2
619,2
484,2
394,2
334,2
658,2
1846,2
1482,2
232,2
417,2
2041,2
6828,2
4538,2
589,2
1246,2
3444,2
2356,2
1810,2
1016,2
1737,2
2270,2
1164,2
756,2
266,2
5804,2
1124,2
424,2
2790,2
346,2
608,2
1721,2
21077,2
738,2
989,2
1116,2
236,2
585,2
649,2
307,2
865,2
1241,2
330,2
724,2
246,2
1781,2
276,2
509,2
258,2
790,2
703,2
1493,2
719,2
449,2
646,2
1257,2
250,2
5601,2
8840,2
2101,2
8628,2
758,2
874,2
501,2
301,2
1404,2
815,2
111,2
871,2
2036,2
356,2
2511,2
2298,2
1112,2
953,2
333,2
1007,2
1244,2
682,2
352,2
179,2
376,2
1434,2
662,2
516,2
3209,2
581,2
544,2
482,2
747,2
893,2
1339,2
1034,2
507,2
1235,2
327,2
1801,2
1080,2
801,2
7805,2
467,2
247,2
1335,2
1565,2
2283,2
1081,2
245,2
1305,2
308,2
2401,2
1076,2
503,2
913,2
2523,2
506,2
729,2
233,2
864,2
1573,2
4690,2
960,2
1333,2
651,2
118,2
3714,2
1681,2
310,2
393,2
2105,2
372,2
626,2
505,2
5855,2
1917,2
2167,2
358,2
494,2
2651,2
1195,2
1742,2
2000,2
282,2
1492,2
1281,2
1094,2
1026,2
336,2
281,2
416,2
317,2
788,2
1104,2
312,2
425,2
666,2
837,2
725,2
2574,2
522,2
2267,2
1017,2
2203,2
495,2
927,2
398,2
2318,2
498,2
3364,2
7933,1
8396,1
4950,1
1693,1
933,1
959,1
47677,1
59730,1
30304,1
47388,1
1454,1
8576,1
1340,1
636,1
5354,1
628,1
2406,1
58648,1
342,1
24892,1
2586,1
2394,1
20830,1
1362,1
14828,1
29442,1
3828,1
766,1
2276,1
5926,1
2294,1
1501,1
15111,1
590,1
4535,1
1255,1
15610,1
4768,1
38355,1
5505,1
41386,1
6441,1
2130,1
395,1
2610,1
890,1
12814,1
849,1
1130,1
7008,1
8732,1
3163,1
2209,1
7405,1
7147,1
2460,1
7034,1
2673,1
519,1
384,1
4291,1
2419,1
9086,1
10215,1
1641,1
1230,1
2695,1
8549,1
726,1
40945,1
7913,1
74767,1
39211,1
191843,1
4095,1
38701,1
2112,1
35442,1
3312,1
752,1
696,1
4986,1
18412,1
2077,1
24808,1
3246,1
5922,1
80893,1
1269,1
208902,1
1771,1
18550,1
74384,1
4938,1
4213,1
5236,1
19798,1
2266,1
116523,1
7869,1
3057,1
4629,1
40462,1
1197719,1
567,1
167706,1
580,1
5822,1
8423,1
279,1
15124,1
4769,1
514,1
13403,1
1291,1
775,1
1889,1
295653,1
313939,1
290,1
2906,1
10237,1
4126,1
1010,1
3465,1
17769,1
1805,1
1452,1
1979,1
6184,1
1353,1
9266,1
5099,1
6734,1
2007,1
161638,1
2611,1
744,1
9957,1
7520,1
1675,1
2418,1
920,1
2429,1
2076,1
9953,1
789,1
3411,1
331,1
1655,1
87613,1
3958,1
2410,1
294,1
23773,1
1406,1
55861,1
2070,1
383883,1
8849,1
982,1
83153,1
121152,1
15742,1
1682,1
1662,1
13538,1
1900,1
3583,1
121,1
426329,1
11365,1
1176,1
1943,1
44134,1
39094,1
118165,1
2453,1
474,1
1806,1
1697,1
18348,1
17499,1
2509,1
88688,1
17193,1
957,1
715,1
6632,1
5761,1
8394,1
4488,1
181,1
1135,1
3295,1
3985,1
1592,1
1323,1
1149,1
7145,1
13499,1
1290,1
420885,1
2290,1
1615,1
65644,1
7248,1
11302,1
1601,1
10238,1
5406,1
96890,1
341,1
10417,1
2513,1
38308,1
46905,1
89163,1
12606,1
49743,1
17237,1
4870,1
2144,1
9289,1
1589,1
431,1
6138,1
5150,1
7794,1
5401,1
31738,1
7128,1
2436,1
2773,1
1037,1
13396,1
16667,1
13936,1
34457,1
2447,1
2633,1
113416,1
283321,1
10188,1
9216,1
64637,1
3026,1
1207,1
8796,1
2190,1
379,1
995,1
142794,1
1005,1
10338,1
45574,1
2249,1
20600,1
3213,1
10606,1
701,1
1216,1
2079,1
1909,1
1583,1
5970,1
1118,1
28409,1
17436,1
4722,1
3542,1
9619,1
8839,1
9272,1
442,1
91129,1
2371,1
2030,1
6879,1
38208,1
76572,1
129802,1
8383,1
15247,1
5442,1
14206,1
1140,1
275306,1
1231,1
1734,1
124884,1
22029,1
4576,1
6369,1
7295,1
4873,1
99754,1
176792,1
1015,1
73154,1
2946,1
11427,1
5610,1
10819,1
533,1
3511,1
34811,1
2139,1
17160,1
40063,1
23915,1
10340,1
4556,1
8182,1
689,1
1292,1
52070,1
869,1
2395,1
64118,1
4111,1
98001,1
38896,1
2063,1
1980,1
549,1
12949,1
57406,1
2873,1
2791,1
2986,1
848,1
1759,1
64087,1
70567,1
7105,1
2188,1
4297,1
652,1
39978,1
13597,1
21376,1
178384,1
11357,1
653,1
1976,1
921,1
2536,1
213,1
1880,1
415761,1
2350,1
10622,1
12860,1
2881,1
15185,1
37307,1
4108,1
1055,1
13882,1
17197,1
2900,1
14442,1
2053,1
32909,1
32827,1
69966,1
10414,1
1605,1
19579,1
7073,1
6508,1
1537,1
6162,1
7233,1
10374,1
3051,1
1951,1
926,1
811,1
176861,1
12317,1
438,1
1749,1
38743,1
4280,1
1014,1
1123,1
4230,1
681,1
1375,1
5663,1
374,1
3814,1
1798,1
2539,1
1120,1
17070,1
9116,1
2990,1
11700,1
4220,1
5025,1
6917,1
1077,1
5339,1
11638,1
1336,1
52368,1
10093,1
6425,1
10480,1
4616,1
3856,1
1455,1
687,1
1638,1
13943,1
6488,1
3654,1
368,1
16402,1
623,1
77743,1
219,1
28831,1
3935,1
1436,1
1388,1
13218,1
206227,1
12029,1
1428,1
7226,1
3821,1
823,1
1972,1
14559,1
4545,1
34240,1
4779,1
1431,1
3560,1
5702,1
1384,1
894371,1
5918,1
831,1
10428,1
22172,1
13960,1
36320,1
10388,1
299,1
51140,1
16836,1
1204,1
102,1
17665,1
2683,1
8600,1
463,1
939,1
551,1
1329,1
19935,1
5733,1
1319,1
23468,1
1542,1
17925,1
7613,1
3028,1
1182,1
2607,1
1578,1
695,1
1220,1
16610,1
55862,1
2108,1
472,1
1396,1
12461,1
523,1
355,1
4880,1
87074,1
137769,1
17241,1
22419,1
2476,1
12260,1
1540,1
1041,1
2577,1
4668,1
2961,1
39470,1
1887,1
635,1
532,1
4492,1
3330,1
2080,1
1799,1
1908,1
570,1
38503,1
151951,1
105730,1
3265,1
917,1
1022,1
8740,1
5898,1
74129,1
25604,1
4320,1
1442,1
21570,1
10001,1
24216,1
1430,1
3180,1
2870,1
158767,1
3092,1
6250,1
3909,1
2854,1
1199,1
1458,1
50171,1
5142,1
17981,1
30290,1
1445,1
2116,1
3326,1
3612,1
8859,1
131057,1
1694,1
3399,1
4354,1
998,1
406,1
274,1
844,1
2204,1
881005,1
529,1
4288,1
1988,1
37275,1
21561,1
26297,1
211801,1
57994,1
2814,1
2162,1
2764,1
1038,1
39143,1
1895,1
5444,1
11937,1
706,1
4656,1
737,1
3964,1
19444,1
5528,1
1964,1
9343,1
4933,1
961,1
600,1
876,1
7833,1
2149,1
63024,1
638,1
9307,1
3201,1
15871,1
5283,1
11542,1
401,1
582,1
2169,1
81552,1
18165,1
3168,1
1173,1
24891,1
6009,1
225509,1
6206,1
2319,1
408,1
5979,1
1728,1
1002,1
21296,1
828,1
376955,1
1213,1
3754,1
3703,1
14599,1
22123,1
4815,1
25044,1
764,1
6408,1
413609,1
27519,1
1848,1
32509,1
7940,1
17290,1
54746,1
919,1
3644,1
65263,1
491,1
76819,1
5050,1
4973,1
4584,1
2809,1
6775,1
3176,1
25993,1
113129,1
76949,1
1755,1
13386,1
14068,1
972,1
8009,1
4991,1
512,1
13771,1
3400,1
3134,1
1506,1
3483,1
22153,1
5578,1
3974,1
2639,1
1297,1
33115,1
561,1
7792,1
1733,1
3322,1
845,1
1119,1
69849,1
1485,1
3919,1
3802,1
1559,1
10103,1
229,1
27333,1
650,1
10508,1
2075,1
1552,1
2023,1
4340,1
10970,1
14436,1
842268,1
1975,1
18570,1
7718,1
1252,1
1405,1
4495,1
11717,1
2996,1
4705,1
3110,1
1850,1
52988,1
39472,1
12694,1
1710,1
963,1
1571,1
412,1
3841,1
11480,1
1956,1
4319,1
814,1
15695,1
2016,1
1099,1
1778,1
4224,1
7822,1
994785,1
26192,1
10639,1
1048,1
6012,1
35924,1
7200,1
34354,1
4151,1
23299,1
2924,1
4192,1
6519,1
925,1
115255,1
2176,1
31633,1
16446,1
7727,1
2297,1
7653,1
4062,1
1530,1
6784,1
43922,1
488,1
45322,1
30063,1
25705,1
10446,1
2285,1
11217,1
2472,1
35928,1
50995,1
8027,1
3420,1
386,1
5154,1
326,1
894,1
21014,1
78985,1
7989,1
2923,1
9662,1
595,1
11041,1
6545,1
1267,1
11819,1
2287,1
215359,1
5650,1
4903,1
7013,1
12095,1
56498,1
852,1
22651,1
2849,1
10383,1
35456,1
4967,1
15167,1
9897,1
3580,1
15584,1
58536,1
1608,1
702,1
9725,1
86021,1
882,1
2164,1
1769,1
217177,1
1862,1
6592,1
2291,1
221,1
12580,1
1898,1
26457,1
2289,1
17403,1
18373,1
1233,1
46569,1
6781,1
90159,1
4524,1
546,1
1307,1
10036,1
11261,1
146,1
2066,1
6572,1
51902,1
455,1
65117,1
369,1
37886,1
820,1
14537,1
11505,1
774106,1
1395,1
912,1
1092433,1
1629,1
11555,1
4410,1
32885,1
5081,1
5508,1
577,1
7492,1
861,1
459,1
446,1
3809,1
6606,1
8621,1
137643,1
35166,1
3776,1
130478,1
8276,1
143604,1
24169,1
1100,1
14872,1
11571,1
1206,1
1905,1
2681,1
6809,1
530,1
19098,1
5895,1
9032,1
2355,1
4480,1
198,1
2535,1
1999,1
1770,1
3453,1
9420,1
11344,1
121276,1
26364,1
5575,1
592,1
1287,1
11275,1
20718,1
320,1
1665,1
1098,1
123824,1
6895,1
238660,1
4747,1
2518,1
18262,1
704,1
11399,1
3080,1
41100,1
642,1
4983,1
107725,1
4730,1
3514,1
56307,1
6683,1
62161,1
1695,1
21080,1
1085,1
1689,1
4785,1
2171,1
1114,1
1622,1
1024,1
251305,1
75412,1
76600,1
3038,1
1609,1
743,1
5499,1
1136,1
2534,1
859,1
929,1
6951,1
16168,1
25827,1
2915,1
7065,1
928,1
434,1
714,1
12118,1
4079,1
13143,1
3518,1
27554,1
62708,1
38081,1
37984,1
107174,1
5206,1
14245,1
718,1
3641,1
6522,1
1562,1
1054,1
1774,1
9714,1
208609,1
365,1
3513,1
46788,1
23024,1
22887,1
1033,1
1511,1
10228,1
1854,1
1467,1
3872,1
3096,1
3972,1
273,1
8862,1
593,1
17778,1
13769,1
3622,1
1208,1
6154,1
2197,1
419,1
2707,1
4530,1
7249,1
12181,1
77963,1
2238,1
12735,1
6807,1
160045,1
1566,1
3521,1
2868,1
102157,1
7223,1
6544,1
1804,1
1809,1
20635,1
25067,1
15140,1
51584,1
74179,1
47320,1
7321,1
8255,1
332,1
13405,1
1947,1
2625,1
4500,1
575,1
741,1
1381,1
10084,1
36381,1
43632,1
6017,1
25300,1
3567,1
784,1
28392,1
6085,1
490,1
30512,1
253046,1
1517,1
7668,1
1928,1
3428,1
4956,1
3152,1
34430,1
13945,1
12290,1
7605,1
9911,1
6098,1
5010,1
1558,1
10213,1
1876,1
18047,1
5602,1
2670,1
4029,1
4168,1
6402,1
6290,1
1322,1
51202,1
38424,1
497,1
65038,1
697,1
464,1
197,1
517,1
145766,1
755,1
3282,1
10288,1
9350,1
353263,1
6624,1
1079,1
1047,1
934,1
4228,1
2487,1
3980,1
18554,1
374701,1
4867,1
21672,1
552,1
12564,1
16694,1
641,1
123,1
11000,1
29951,1
383895,1
683,1
3782,1
6155,1
11323,1
2178,1
3543,1
224651,1
521,1
8446,1
6391,1
550,1
4267,1
159763,1
37651,1
11379,1
469114,1
900,1
10601,1
33698,1
3247,1
1363,1
4144,1
1331,1
104659,1
804,1
6404,1
454251,1
309,1
21224,1
7675,1
8349,1
471,1
392,1
1488,1
1068,1
17671,1
611,1
99122,1
6812,1
540,1
29107,1
14141,1
8110,1
2199,1
225,1
1885,1
559,1
323,1
10738,1
330226,1
205,1
50735,1
45918,1
731,1
1023,1
557,1
16494,1
7461,1
4491,1
659,1
4982,1
8280,1
1222,1
14180,1
2584,1
20743,1
10825,1
28577,1
160362,1
553,1
4788,1
1438,1
11553,1
7426,1
52458,1
1722,1
175398,1
9595,1
1013,1
1172,1
9861,1
276012,1
1412,1
8295,1
850,1
30854,1
3256,1
762,1
688,1
795,1
56609,1
819,1
10115,1
5163,1
78488,1
4094,1
8211,1
33309,1
7719,1
85350,1
922,1
373,1
7632,1
1912,1
943,1
63617,1
14323,1
2310,1
2685,1
478,1
6468,1
367938,1
3587,1
618,1
2202,1
112744,1
5675,1
631,1
255060,1
89873,1
1510,1
130332,1
3572,1
84326,1
2690,1
8132,1
1102,1
12016,1
664,1
2002,1
5118,1
492,1
3630,1
2482,1
2952,1
855,1
4653,1
5303,1
7685,1
371,1
12938,1
3203,1
5867,1
829,1
785,1
6656,1
5509,1
750,1
12219,1
1171,1
7960,1
2519,1
2194,1
560,1
3859,1
33084,1
3710,1
119053,1
5433,1
2960,1
753,1
1018,1
2089,1
260,1
6752,1
3255,1
1001,1
2029,1
83918,1
6469,1
6958,1
2179,1
29255,1
3903,1
11684,1
7005,1
5355,1
3030,1
282382,1
8375,1
6547,1
2698,1
199,1
21589,1
1161,1
1966,1
14677,1
1364,1
12636,1
1398,1
2671,1
1096,1
4047,1
18545,1
176722,1
105824,1
180618,1
5091,1
8127,1
7695,1
1271,1
50651,1
1146,1
8927,1
8288,1
4502,1
9917,1
13927,1
2155,1
8533,1
2601,1
1719,1
3363,1
17968,1
1626,1
504,1
15383,1
85245,1
645,1
1369,1
930,1
5161,1
350263,1
18727,1
3215,1
842,1
1847,1
899,1
1221,1
1317,1
34163,1
1095,1
123297,1
26060,1
3686,1
10202,1
14515,1
7417,1
29599,1
186201,1
3388,1
5175,1
892,1
3044,1
25497,1
684,1
3509,1
5973,1
2330,1
745,1
9088,1
2762,1
520,1
6821,1
9566,1
4586,1
6986,1
8344,1
7931,1
10685,1
13190,1
884,1
657,1
6406,1
138334,1
12293,1
2984,1
1306,1
27767,1
66060,1
7465,1
3082,1
6310,1
1031,1
1303,1
432,1
46078,1
7542,1
3085,1
12641,1
955,1
19693,1
7780,1
15862,1
4536,1
1020,1
12274,1
7020,1
5584,1
3190,1
12393,1
1824,1
2541,1
11511,1
84801,1
2385,1
8874,1
17886,1
1519,1
69189,1
931,1
23549,1
1350,1
12729,1
605,1
15098,1
3531,1
7723,1
73429,1
6753,1
1311,1
767,1
19655,1
88267,1
7467,1
216,1
840,1
8479,1
2425,1
984,1
1913,1
14237,1
48532,1
9164,1
1667,1
2750,1
722,1
733,1
57233,1
1649,1
5376,1
56647,1
14550,1
49668,1
5669,1
763,1
805,1
11317,1
80011,1
547,1
238,1
2187,1
3116,1
6560,1
620,1
1144,1
1470,1
6309,1
2948,1
1302630,1
1352,1
1450322,1
3272,1
5185,1
30991,1
759,1
194,1
4004,1
5633,1
3297,1
55220,1
5027,1
4173,1
26792,1
8738,1
1563,1
33295,1
692,1
627,1
35645,1
67103,1
7334,1
783,1
135025,1
104077,1
1502,1
23945,1
1229,1
6650,1
4776,1
1630,1
980,1
11616,1
78408,1
11580,1
470,1
8787,1
457,1
25535,1
59452,1
10766,1
709,1
3609,1
7289,1
799,1
7776,1
1792,1
1618,1
444,1
60053,1
1181,1
976,1
2065,1
1674,1
1713,1
4115,1
483,1
2726,1
5391,1
4692,1
1732,1
1313,1
1610,1
640,1
26533,1
3434,1
196821,1
284,1
1660,1
33167,1
9733,1
129583,1
6180,1
76147,1
8581,1
660,1
2462,1
1131,1
3924,1
918,1
91450,1
9751,1
44178,1
1402,1
1668,1
778,1
10699,1
3494,1
3748,1
7423,1
9697,1
55731,1
2967,1
45606,1
23482,1
22767,1
8358,1
1834,1
30670,1
5358,1
22763,1
5924,1
2313,1
5903,1
1249,1
2399,1
3723,1
26983,1
15494,1
1270,1
2988,1
1183,1
1644,1
44597,1
366,1
6954,1
10167,1
24658,1
3303,1
44272,1
839,1
612,1
3850,1
2702,1
6135,1
19627,1
698,1
17693,1
426640,1
1389,1
680,1
445,1
685,1
47154,1
2976,1
643,1
20258,1
11059,1
12628,1
3997,1
771,1
31758,1
888,1
9552,1
107585,1
969,1
1111,1
569,1
8711,1
45380,1
1581,1
25082,1
1178,1
781,1
4460,1
1168,1
1993,1
1365,1
16109,1
64648,1
5181,1
8070,1
616,1
32214,1
4946,1
887,1
1139,1
908,1
3907,1
1839,1
1495,1
787,1
2091,1
1184,1
52706,1
13333,1
3438,1
6433,1
52336,1
267,1
16692,1
15305,1
12668,1
8180,1
835,1
1692,1
584,1
10711,1
3639,1
2375,1
1634,1
3442,1
15285,1
13243,1
36799,1
10294,1
23610,1
1860,1
1003,1
2697,1
6420,1
1262,1
16390,1
4869,1
4087,1
458,1
16957,1
4822,1
456,1
74685,1
2859,1
12084,1
1718,1
33009,1
5932,1
15209,1
2545,1
4912,1
1843,1
986,1
27086,1
4454,1
3592,1
3499,1
198814,1
360,1
2123,1
2246,1
2126,1
1523,1
2626,1
1288,1
1439,1
34617,1
19221,1
749,1
1295,1
2405,1
2559,1
481,1
4385,1
3323,1
56872,1
956,1
261,1
41546,1
2427,1
4588,1
2146,1
1683,1
43821,1
4772,1
11256,1
2560,1
75746,1
21498,1
9834,1
18657,1
671,1
6355,1
18053,1
14011,1
11523,1
1498,1
1045,1
8410,1
9293,1
13272,1
21467,1
3327,1
2909,1
2989,1
9793,1
1409,1
1551,1
31145,1
16675,1
5148,1
1371,1
8636,1
