2,8
486,4
4,4
1121,4
1367,4
1374,3
434,3
2376,3
864,3
216,3
117,3
206,3
1426,3
937,3
857,3
830,3
981,3
514,3
752,3
485,3
500,3
632,3
1189,3
1077,3
1310,3
341,3
3282,3
3,3
1043,3
1851,3
1639,3
2064,3
1230,3
480,3
906,3
877,3
371,3
411,3
456,3
1127,3
1185,3
1726,3
1314,3
2189,3
40,3
2134,3
975,3
648,3
705,2
2371,2
192,2
1976,2
454,2
432,2
4572,2
827,2
6993,2
5041,2
361,2
1569,2
9941,2
3714,2
1681,2
568,2
4616,2
10606,2
5651,2
2928,2
4996,2
2364,2
6190,2
3110,2
2570,2
1343,2
2130,2
3664,2
2043,2
4371,2
65,2
841,2
1122,2
5671,2
988,2
995,2
2730,2
1091,2
163,2
6950,2
1262,2
917,2
5455,2
4863,2
4058,2
1085,2
1126,2
4697,2
749,2
142,2
214,2
449,2
1284,2
21578,2
464,2
6290,2
2670,2
197,2
1764,2
590,2
1255,2
9038,2
2257,2
5247,2
1510,2
1518,2
3550,2
1198,2
5115,2
2866,2
810,2
3146,2
757,2
7799,2
4252,2
5978,2
1243,2
1268,2
2681,2
157,2
1728,2
1334,2
3085,2
955,2
4853,2
38,2
664,2
894,2
596,2
17,2
1453,2
209,2
518,2
866,2
2808,2
575,2
867,2
622,2
1533,2
97,2
1394,2
11255,2
6064,2
1093,2
770,2
1671,2
2194,2
358,2
2614,2
1841,2
1349,2
2902,2
3626,2
1735,2
5972,2
851,2
17130,2
968,2
12188,2
3130,2
185,2
3783,2
4341,2
84,2
1858,2
702,2
900,2
794,2
1000,2
1381,2
1517,2
490,2
1822,2
1120,2
1635,2
180,2
3074,2
3907,2
4198,2
4103,2
10752,2
232,2
4019,2
2463,2
1656,2
758,2
6392,2
3684,2
110,2
737,2
9000,2
16280,2
43,2
39,2
7598,2
2745,2
1918,2
589,2
856,2
933,2
694,2
546,2
1433,2
795,2
334,2
1062,2
380,2
1300,2
1499,2
476,2
3924,2
1308,2
1977,2
2439,2
2473,2
2700,2
4463,2
4761,2
8286,2
2553,2
3445,2
556,2
1647,2
1172,2
1357,2
1486,2
303,2
61,2
2004,2
1304,2
1990,2
152,2
12,2
1044,2
6927,2
1824,2
2428,2
6959,2
1182,2
3028,2
2432,2
3614,2
313,2
576,2
863,2
645,2
1369,2
81,2
1579,2
2950,2
15,2
1382,2
1180,2
2548,2
3505,2
202,2
126,2
1768,2
7,2
325,2
9925,2
652,2
638,2
125,2
533,2
2894,2
4069,2
1907,2
59,2
1757,2
2016,2
4764,2
2498,2
2394,2
1247,2
1106,2
285,2
8990,2
96,2
377,2
2789,2
773,2
5384,2
3771,2
1736,2
333,2
6099,2
577,2
141,2
1628,2
1232,2
70,2
1215,2
132,2
24,2
1214,2
19440,1
47475,1
278,1
7146,1
51821,1
1202,1
1919,1
21764,1
22882,1
1463,1
2520,1
1936,1
27447,1
6782,1
247,1
168670,1
6344,1
2503,1
89761,1
21901,1
5487,1
4917,1
5355,1
2350,1
440,1
12227,1
573,1
1192,1
5893,1
213,1
8893,1
13434,1
3967,1
72749,1
653,1
337,1
12561,1
199842,1
6052,1
30623,1
2457,1
265,1
1031,1
8804,1
1802,1
1303,1
506,1
5789,1
9480,1
2330,1
45670,1
1203,1
46722,1
233,1
892,1
2320,1
47777,1
30010,1
13531,1
745,1
684,1
2220,1
7938,1
27978,1
681,1
11158,1
4230,1
6334,1
14,1
3890,1
3001,1
9069,1
4280,1
29450,1
19628,1
6340,1
860,1
1375,1
7568,1
2842,1
15508,1
17000,1
3928,1
69812,1
643,1
1614,1
2976,1
771,1
8332,1
685,1
425,1
4016,1
2008,1
312,1
1029,1
338,1
4899,1
10562,1
8066,1
3730,1
2574,1
1032,1
119078,1
7454,1
45201,1
183,1
6727,1
1142,1
12908,1
932,1
427,1
14798,1
2277,1
75510,1
39862,1
1059,1
130,1
28400,1
6458,1
487,1
11982,1
6722,1
196,1
42438,1
1403,1
693,1
47643,1
13556,1
3692,1
27422,1
2643,1
2854,1
5142,1
2069,1
399,1
2807,1
3787,1
6331,1
73312,1
11214,1
32075,1
19777,1
691,1
4358,1
2308,1
734,1
6265,1
40198,1
20538,1
34502,1
6712,1
6780,1
23720,1
15167,1
1608,1
27006,1
18754,1
6383,1
227873,1
29819,1
56,1
2287,1
51,1
2741,1
4671,1
39076,1
23729,1
3646,1
2579,1
9873,1
3238,1
1641,1
27099,1
2885,1
13716,1
4840,1
2412,1
15890,1
174,1
825,1
51268,1
8231,1
1963,1
2853,1
17463,1
2234,1
163271,1
5058,1
3148,1
13221,1
114,1
124110,1
4218,1
714,1
678,1
9564,1
10229,1
7631,1
15848,1
10542,1
816,1
3449,1
252,1
8862,1
166952,1
34791,1
2707,1
7720,1
419,1
1696,1
1266,1
16919,1
2072,1
3360,1
1970,1
9084,1
150196,1
1412,1
84716,1
16294,1
123,1
13289,1
29991,1
74097,1
18432,1
11000,1
951,1
683,1
1007,1
8608,1
641,1
8778,1
11145,1
1968,1
69680,1
118937,1
2312,1
32118,1
228355,1
1309,1
5705,1
71303,1
12546,1
24705,1
15072,1
1372,1
2495,1
101,1
5016,1
55161,1
23724,1
4708,1
1465,1
18859,1
1090,1
5329,1
15135,1
2359,1
10230,1
22111,1
4788,1
3451,1
3281,1
25573,1
1515,1
4841,1
6668,1
6484,1
2046,1
924,1
23674,1
2148,1
5979,1
4897,1
12912,1
1869,1
840,1
6765,1
13827,1
25030,1
4074,1
767,1
1311,1
57908,1
1019,1
4246,1
4030,1
4180,1
1502,1
4924,1
23,1
5939,1
18474,1
1229,1
22906,1
2332,1
3435,1
17729,1
19039,1
584,1
5114,1
49450,1
2060,1
91,1
5920,1
317,1
12141,1
667,1
788,1
11548,1
3220,1
4075,1
5208,1
141149,1
4131,1
155,1
9348,1
2403,1
36136,1
299,1
2400,1
736,1
113,1
112,1
10149,1
2527,1
6776,1
50688,1
11348,1
11355,1
118183,1
6455,1
203,1
1482,1
10170,1
4290,1
4401,1
82201,1
1024,1
461,1
41271,1
5341,1
3769,1
3780,1
1622,1
16782,1
719,1
14871,1
1478,1
718,1
153,1
2925,1
4726,1
64835,1
3361,1
11061,1
19473,1
6387,1
13517,1
3984,1
7808,1
3897,1
40076,1
5600,1
3933,1
35317,1
1498,1
12154,1
6011,1
21806,1
16134,1
10832,1
994,1
8952,1
2195,1
4571,1
83983,1
1998,1
6523,1
6789,1
22049,1
3869,1
6555,1
3296,1
3382,1
9954,1
1921,1
9207,1
7504,1
14124,1
1217,1
6319,1
965,1
1782,1
19,1
926,1
1447,1
1951,1
1537,1
4848,1
15374,1
2551,1
6374,1
3587,1
478,1
5642,1
618,1
43181,1
2666,1
38686,1
10724,1
69628,1
4906,1
1348,1
9456,1
1207,1
2335,1
26121,1
777,1
1005,1
7206,1
5301,1
13265,1
2133,1
437,1
5162,1
4002,1
1889,1
49,1
7593,1
1341,1
5092,1
6181,1
775,1
2592,1
108653,1
803,1
4675,1
9892,1
45921,1
1088,1
39009,1
32053,1
16881,1
4283,1
391,1
10436,1
15306,1
4418,1
13179,1
1408,1
3073,1
2321,1
10532,1
3124,1
1860,1
650688,1
28709,1
29601,1
4373,1
263,1
1017,1
2361,1
9499,1
1022,1
16,1
2327,1
64,1
3100,1
56008,1
3678,1
4320,1
21109,1
1892,1
805,1
11954,1
1078,1
4842,1
4771,1
7363,1
17097,1
9500,1
893,1
15734,1
3862,1
4056,1
5200,1
1387,1
6041,1
43955,1
312978,1
74,1
996,1
1102,1
3106,1
7436,1
33090,1
3800,1
1360,1
5418,1
134151,1
558,1
6892,1
2895,1
16441,1
1258,1
8305,1
25244,1
3199,1
1160,1
183981,1
3716,1
21054,1
272,1
13,1
2430,1
9593,1
4766,1
271914,1
3939,1
114791,1
29031,1
12348,1
2014,1
5311,1
889,1
9017,1
2497,1
13264,1
13606,1
25454,1
22838,1
1125,1
1248,1
14620,1
7648,1
14818,1
20710,1
5433,1
10254,1
37688,1
2591,1
5158,1
1801,1
24163,1
3710,1
2620,1
2767,1
2272,1
7182,1
5958,1
1946,1
10680,1
22088,1
1767,1
4796,1
17479,1
10220,1
1226,1
7558,1
6930,1
11649,1
156,1
11748,1
56483,1
28534,1
3488,1
30092,1
25600,1
39079,1
46459,1
5768,1
6957,1
624,1
3823,1
5453,1
5230,1
1899,1
4354,1
262,1
9004,1
2823,1
2872,1
8155,1
27996,1
29868,1
670,1
14125,1
15700,1
2863,1
4832,1
1552,1
28450,1
4744,1
8984,1
3221,1
5776,1
2651,1
640,1
145429,1
11319,1
3736,1
483,1
16414,1
25119,1
19447,1
59580,1
3467,1
46,1
494,1
10015,1
54838,1
8173,1
3920,1
1008,1
15917,1
284,1
1414,1
6945,1
21254,1
7016,1
614,1
1912,1
1538,1
4364,1
11751,1
5548,1
336107,1
39406,1
544,1
47181,1
1337,1
61358,1
1335,1
3999,1
3374,1
2698,1
13088,1
3040,1
477,1
13777,1
1364,1
199,1
38308,1
59238,1
6657,1
465,1
5627,1
29156,1
11930,1
4721,1
10025,1
651,1
759,1
4367,1
6616,1
335,1
25821,1
1333,1
23846,1
1169,1
2411,1
8178,1
8050,1
3786,1
8771,1
4734,1
62466,1
862,1
2814,1
9547,1
2978,1
5995,1
26431,1
2861,1
17693,1
36615,1
7154,1
3012,1
1039,1
70461,1
17493,1
3850,1
4499,1
612,1
336,1
1800,1
7922,1
279,1
36005,1
574,1
20780,1
6015,1
3253,1
14258,1
41525,1
9189,1
885,1
2993,1
24016,1
231,1
37746,1
2128,1
6896,1
5442,1
5643,1
14616,1
20932,1
3333,1
18068,1
2729,1
10827,1
11317,1
32039,1
1633,1
135,1
4360,1
809,1
74478,1
238,1
66177,1
15157,1
30673,1
3807,1
6628,1
2305,1
13841,1
20094,1
3236,1
1829,1
1566,1
537,1
9128,1
911,1
54789,1
9457,1
697,1
4029,1
17504,1
1867,1
128,1
9118,1
2511,1
10179,1
2090,1
2298,1
2006,1
13304,1
37335,1
7119,1
797,1
24800,1
1754,1
10731,1
6186,1
1558,1
11094,1
27097,1
26754,1
1168,1
28029,1
67006,1
4760,1
8599,1
351539,1
13042,1
5181,1
5002,1
1004,1
24442,1
1424,1
7296,1
2424,1
448,1
441,1
34516,1
1023,1
14540,1
3338,1
4982,1
5146,1
306,1
2163,1
24237,1
3795,1
10663,1
1222,1
755851,1
7898,1
90734,1
4535,1
2674,1
5828,1
37837,1
14412,1
3170,1
1117,1
11857,1
6320,1
362,1
2333,1
56063,1
5020,1
8820,1
8666,1
3855,1
3601,1
3835,1
6773,1
2870,1
1648,1
1018,1
801,1
2468,1
2904,1
2659,1
48791,1
6116,1
740,1
12179,1
1167,1
12927,1
4399,1
10164,1
7168,1
3255,1
1001,1
9174,1
17900,1
3788,1
1827,1
169,1
84295,1
39955,1
1384,1
6300,1
11685,1
13142,1
19668,1
13419,1
8948,1
25697,1
71559,1
9837,1
2655,1
6636,1
7440,1
28102,1
18,1
3171,1
9853,1
410,1
140,1
1995,1
96426,1
298,1
16612,1
679,1
7385,1
9494,1
3402,1
372,1
5330,1
129,1
10489,1
22720,1
21804,1
19216,1
1413,1
25108,1
2125,1
4470,1
6791,1
21037,1
3116,1
3744,1
10736,1
22921,1
14437,1
186,1
1707,1
25453,1
7306,1
1398,1
2092,1
5659,1
8748,1
62150,1
4045,1
1345,1
1096,1
747,1
22291,1
5437,1
2025,1
4881,1
2304,1
3957,1
6343,1
7857,1
46491,1
3683,1
1593,1
172284,1
954,1
1699,1
13774,1
11538,1
1292,1
244,1
14401,1
4337,1
12056,1
11793,1
8415,1
3998,1
4945,1
8182,1
510,1
13725,1
2552,1
40703,1
9239,1
1989,1
1618,1
15986,1
16712,1
799,1
2065,1
5413,1
6499,1
1458428,1
630,1
3725,1
5380,1
9816,1
19150,1
8487,1
4782,1
2683,1
80879,1
1784,1
11788,1
426,1
4846,1
25686,1
76,1
1386,1
1507,1
7420,1
36493,1
5207,1
10787,1
11445,1
2401,1
1065,1
604,1
7907,1
1962,1
24461,1
1305,1
2595,1
12698,1
10434,1
3711,1
261,1
13413,1
19857,1
1061,1
14710,1
90586,1
1645,1
21338,1
2955,1
6473,1
8027,1
6637,1
1513,1
13615,1
10560,1
3969,1
3420,1
15346,1
4860,1
7520,1
14109,1
9,1
6174,1
2191,1
5403,1
4053,1
744,1
407,1
920,1
3174,1
7606,1
1476,1
554,1
15824,1
1054,1
65114,1
3113,1
6496,1
5830,1
2366,1
45224,1
4582,1
43056,1
30895,1
196668,1
19181,1
6127,1
8789,1
4834,1
2012,1
29964,1
6969,1
4086,1
65434,1
9096,1
30458,1
5582,1
1441,1
7992,1
5706,1
22022,1
75652,1
2334,1
3728,1
363,1
58920,1
2097,1
10172,1
661,1
2107,1
4166,1
231465,1
2786,1
17716,1
170,1
5125,1
5879,1
15282,1
1060,1
7155,1
9513,1
17604,1
9234,1
5736,1
1366,1
2003,1
491,1
10342,1
2120,1
119744,1
3900,1
905,1
15815,1
30672,1
2392,1
19701,1
32994,1
2111,1
12806,1
42173,1
51848,1
5321,1
10716,1
87245,1
15056,1
1721,1
84998,1
25463,1
455,1
7388,1
369,1
760,1
162211,1
2444,1
11026,1
7033,1
1739,1
1164,1
3042,1
2420,1
353,1
5197,1
4573,1
5,1
143524,1
1884,1
60471,1
6347,1
1331,1
3331,1
1723,1
784,1
356,1
2840,1
78212,1
403,1
3567,1
5106,1
6620,1
2036,1
6938,1
871,1
1864,1
7050,1
3927,1
5722,1
117139,1
18557,1
14395,1
12183,1
2990,1
9116,1
12857,1
2539,1
1225,1
2910,1
3358,1
10523,1
331736,1
8430,1
1565,1
422,1
54564,1
7574,1
41023,1
1417,1
104589,1
12858,1
195,1
46651,1
10996,1
3649,1
811,1
11467,1
3344,1
908,1
5994,1
2078,1
147,1
2091,1
6924,1
8962,1
5090,1
34127,1
2267,1
4514,1
1854,1
90880,1
16903,1
5290,1
30980,1
1467,1
114423,1
10615,1
77,1
10710,1
17932,1
5605,1
14813,1
7372,1
16900,1
11953,1
32418,1
4559,1
4413,1
13183,1
2720,1
876,1
5005,1
79940,1
1632,1
3944,1
3791,1
1110,1
33350,1
7833,1
5334,1
8630,1
1361,1
31,1
376,1
4293,1
8499,1
10768,1
20688,1
2963,1
9196,1
2414,1
958,1
19117,1
2110,1
7343,1
2742,1
1099,1
3431,1
880,1
5567,1
1826,1
25,1
2763,1
4515,1
9516,1
12477,1
17156,1
3541,1
4651,1
642,1
703,1
3514,1
15492,1
4884,1
22025,1
3077,1
36666,1
42082,1
1306,1
5950,1
657,1
5530,1
2067,1
11624,1
884,1
4223,1
8204,1
1489,1
12765,1
13190,1
71556,1
17686,1
10919,1
8642,1
8095,1
4714,1
4121,1
9208,1
613,1
3819,1
23526,1
172,1
84447,1
5989,1
5619,1
780,1
19316,1
2262,1
579,1
4106,1
2385,1
6755,1
15143,1
78423,1
9223,1
29792,1
3384,1
8527,1
10247,1
10311,1
6837,1
1242,1
9502,1
2586,1
64619,1
242,1
7536,1
6965,1
20167,1
16391,1
21344,1
168742,1
5827,1
12705,1
977,1
4109,1
1218,1
9235,1
10962,1
2086,1
3143,1
19970,1
31623,1
2534,1
743,1
9036,1
859,1
35595,1
1136,1
929,1
4044,1
16168,1
81708,1
3274,1
8837,1
18835,1
116251,1
45203,1
5102,1
15200,1
46552,1
11618,1
9002,1
7319,1
3294,1
4228,1
6543,1
1079,1
1047,1
5367,1
5785,1
339,1
5316,1
12386,1
942,1
2746,1
5333,1
19904,1
288,1
31415,1
2856,1
5168,1
69770,1
2952,1
14171,1
2654,1
2352,1
1138,1
33199,1
1034,1
11022,1
78666,1
7685,1
17610,1
4543,1
18415,1
24303,1
7144,1
1575,1
167552,1
2258,1
177547,1
10155,1
1938,1
3833,1
1791,1
913,1
7161,1
9492,1
2019,1
69,1
1148,1
2636,1
7250,1
37109,1
479,1
1525,1
20,1
5838,1
3461,1
848,1
7138,1
2363,1
4027,1
3722,1
17567,1
21136,1
2057,1
18218,1
7953,1
2309,1
1319,1
6380,1
6647,1
1329,1
27154,1
1460,1
5947,1
5581,1
71618,1
853,1
9554,1
343,1
71688,1
3519,1
3964,1
1964,1
3054,1
275,1
8886,1
902,1
629,1
8361,1
8802,1
706,1
5751,1
2349,1
47141,1
1967,1
4034,1
6393,1
29564,1
2223,1
13545,1
9776,1
420,1
4095,1
555,1
27891,1
7099,1
34466,1
696,1
2077,1
13136,1
5520,1
14423,1
7973,1
5293,1
1297,1
4296,1
5941,1
4188,1
13898,1
10053,1
35270,1
2168,1
3183,1
173662,1
2531,1
1602,1
15821,1
4062,1
26837,1
8975,1
3319,1
17509,1
7009,1
6784,1
16812,1
28911,1
8147,1
28247,1
13379,1
2356,1
145,1
4368,1
30546,1
5122,1
268,1
14203,1
2297,1
95,1
8135,1
562,1
2924,1
3098,1
699,1
1833,1
11416,1
1246,1
105029,1
14196,1
9178,1
882,1
5613,1
271,1
2291,1
3607,1
36873,1
2920,1
158,1
1570,1
63,1
6003,1
2281,1
16974,1
5239,1
1516,1
22484,1
20958,1
7933,1
2255,1
5473,1
346,1
14249,1
27761,1
608,1
3558,1
6379,1
2714,1
5494,1
1849,1
35228,1
2790,1
25165,1
4534,1
17522,1
9081,1
215247,1
82361,1
10129,1
12487,1
83732,1
12689,1
12966,1
16472,1
2769,1
248,1
3581,1
208,1
4005,1
33,1
17398,1
2563,1
2673,1
12541,1
28860,1
1118,1
2079,1
539,1
23562,1
30706,1
2628,1
6071,1
1583,1
901,1
10046,1
896,1
1278,1
748,1
2737,1
836,1
14234,1
806,1
2210,1
348372,1
9284,1
6450,1
10398,1
16042,1
3095,1
8247,1
688,1
18486,1
10869,1
822,1
6666,1
54223,1
383,1
5555,1
5324,1
1084,1
1155,1
8379,1
249,1
220,1
819,1
1245,1
62,1
1506,1
3134,1
13771,1
15444,1
4457,1
6090,1
3184,1
6603,1
8,1
12133,1
2302,1
658,1
7285,1
182,1
4544,1
1585,1
5867,1
118881,1
3952,1
5738,1
21620,1
23586,1
327,1
12408,1
19811,1
142931,1
1171,1
4775,1
14641,1
2693,1
37318,1
829,1
886,1
36,1
25816,1
984,1
8227,1
6456,1
1971,1
3604,1
7529,1
12051,1
6697,1
75,1
28916,1
5502,1
57469,1
1557,1
265529,1
63323,1
1615,1
2997,1
6903,1
39551,1
2386,1
10174,1
3264,1
983,1
1156,1
607,1
30476,1
5990,1
5128,1
2815,1
2152,1
4196,1
36222,1
660,1
6321,1
4877,1
16123,1
14135,1
19847,1
1450,1
77853,1
20917,1
918,1
15751,1
2462,1
17505,1
3161,1
25883,1
1041,1
204433,1
41654,1
87166,1
12820,1
2929,1
67055,1
12260,1
2724,1
3311,1
1687,1
19774,1
4051,1
19388,1
28991,1
4020,1
1816,1
149,1
4932,1
1895,1
2071,1
2477,1
2764,1
421,1
4999,1
123103,1
22806,1
7919,1
10671,1
2196,1
650,1
1119,1
17486,1
3671,1
3173,1
3742,1
2593,1
1212,1
3136,1
85702,1
2153,1
7192,1
2055,1
597,1
9041,1
19788,1
297,1
764,1
1763,1
3055,1
8052,1
1176,1
20231,1
121,1
824,1
1943,1
79565,1
25814,1
12678,1
13368,1
31652,1
1828,1
5364,1
48887,1
2660,1
12863,1
347,1
7408,1
241,1
237,1
564,1
3491,1
1547,1
4762,1
225,1
2013,1
111705,1
559,1
3651,1
15936,1
4312,1
9524,1
20603,1
22357,1
37802,1
323,1
10867,1
1577,1
1244,1
5151,1
115030,1
352,1
682,1
8188,1
628,1
2406,1
4594,1
122674,1
48382,1
4415,1
20353,1
8576,1
1772,1
6227,1
66774,1
3392,1
3547,1
957,1
1254,1
283,1
3892,1
7284,1
4021,1
7278,1
15278,1
6210,1
9883,1
3709,1
9912,1
1076241,1
17800,1
8905,1
4596,1
4102,1
4160,1
4392,1
1914,1
14886,1
14140,1
194,1
52765,1
3880,1
36512,1
6696,1
56485,1
1686,1
7491,1
5568,1
317792,1
10197,1
4078,1
11411,1
2847,1
2528,1
40213,1
6299,1
2454,1
4105,1
4811,1
1249,1
1351,1
1293,1
65807,1
20327,1
1411,1
1195,1
534,1
4269,1
1676,1
10066,1
4205,1
10891,1
3157,1
9168,1
19310,1
311,1
3258,1
2377,1
1002,1
2982,1
3343,1
7352,1
114428,1
3918,1
1213,1
3386,1
125593,1
9279,1
13791,1
21239,1
595244,1
1650,1
6447,1
5189,1
8083,1
3799,1
76442,1
4664,1
2185,1
1975,1
990,1
20271,1
27593,1
1795,1
4494,1
4903,1
88178,1
2887,1
14201,1
34264,1
17907,1
39237,1
357328,1
1016,1
1677,1
1806,1
2509,1
26,1
116139,1
6721,1
2040,1
10871,1
9978,1
5556,1
315835,1
13723,1
1697,1
2453,1
29,1
4823,1
23116,1
30634,1
7872,1
36936,1
2486,1
36767,1
27654,1
11085,1
4905,1
19858,1
2648,1
348,1
5741,1
415,1
23143,1
7679,1
17558,1
1145,1
1642,1
3845,1
222,1
113194,1
9632,1
293,1
11988,1
3937,1
2517,1
39542,1
2581,1
5148,1
2184,1
3155,1
19483,1
730,1
17089,1
962,1
4302,1
26226,1
59547,1
1945,1
1282,1
4434,1
62537,1
19665,1
8023,1
26714,1
3502,1
891,1
610,1
3870,1
239,1
67334,1
1761,1
236,1
2240,1
28360,1
2338,1
14645,1
1629,1
2180,1
7556,1
1896,1
103,1
18154,1
29280,1
833,1
13719,1
11404,1
4050,1
2884,1
50282,1
307,1
8276,1
23619,1
1948,1
5969,1
3887,1
813,1
1100,1
23269,1
1855,1
865,1
42593,1
9097,1
779,1
4542,1
7342,1
7689,1
20475,1
8773,1
1420,1
119,1
5127,1
2137,1
13996,1
768,1
12124,1
1940,1
8089,1
119281,1
974,1
7205,1
34807,1
24523,1
27438,1
12368,1
948,1
6317,1
20785,1
38816,1
9259,1
4018,1
11621,1
6205,1
3463,1
3858,1
20280,1
35364,1
1731,1
10465,1
665,1
23626,1
14762,1
6875,1
3345,1
45564,1
9455,1
854,1
883,1
17451,1
57796,1
14285,1
47427,1
320,1
5054,1
1259,1
4747,1
10937,1
1098,1
58,1
25184,1
4715,1
9924,1
4088,1
2362,1
4411,1
1273,1
41,1
29627,1
563215,1
48194,1
10320,1
2051,1
5484,1
5834,1
84173,1
10127,1
23255,1
3947,1
11821,1
1446,1
1469,1
25205,1
68167,1
9506,1
31692,1
890,1
3103,1
3150,1
17176,1
2610,1
2050,1
1534,1
1130,1
2205,1
481,1
5306,1
53309,1
168,1
3379,1
39372,1
4259,1
5688,1
2405,1
1295,1
331,1
19229,1
1619,1
5959,1
1468,1
4964,1
22575,1
1166,1
9538,1
16331,1
7542,1
8617,1
8744,1
4183,1
1020,1
6435,1
41698,1
7954,1
10493,1
12577,1
3075,1
1072,1
350,1
11331,1
270957,1
7820,1
9089,1
82,1
1220,1
2589,1
8918,1
4455,1
37803,1
19867,1
9530,1
16846,1
15777,1
472,1
695,1
120745,1
7673,1
5923,1
3376,1
5550,1
5447,1
35266,1
11536,1
211,1
436354,1
11337,1
5295,1
2489,1
10924,1
13185,1
19978,1
530,1
1338,1
198,1
4478,1
5871,1
3200,1
17866,1
4935,1
10287,1
164836,1
22,1
2263,1
83275,1
6313,1
8264,1
6639,1
99680,1
2021,1
2192,1
24486,1
3841,1
18118,1
8314,1
1956,1
18070,1
388,1
6549,1
7040,1
65659,1
7955,1
48888,1
5758,1
5237,1
4151,1
1897,1
4357,1
15807,1
6925,1
25368,1
12519,1
2318,1
9724,1
3882,1
207,1
4238,1
671,1
35734,1
11995,1
6164,1
24684,1
10150,1
5824,1
7928,1
28224,1
332,1
52165,1
2805,1
2464,1
37893,1
1228,1
24146,1
4500,1
1947,1
1556,1
3917,1
10248,1
4448,1
85,1
735,1
4383,1
13405,1
815,1
7216,1
1456,1
2423,1
807,1
3494,1
5227,1
9625,1
18209,1
15708,1
3249,1
80,1
1402,1
13739,1
27750,1
5540,1
774,1
7086,1
133,1
7221,1
4852,1
6539,1
663,1
3310,1
3307,1
7173,1
2837,1
38839,1
5474,1
4363,1
4713,1
6561,1
1159,1
47751,1
18466,1
7560,1
4738,1
27084,1
972,1
20343,1
572,1
1443,1
45,1
25436,1
3194,1
1755,1
3473,1
10778,1
6564,1
3534,1
103551,1
2458,1
1191,1
19065,1
6104,1
23024,1
10643,1
1934,1
24327,1
443,1
5083,1
18616,1
24404,1
4301,1
8675,1
4750,1
6876,1
861,1
2898,1
1046,1
3378,1
9890,1
1219,1
8848,1
2784,1
909,1
7751,1
1283,1
2235,1
18603,1
1937,1
59382,1
8184,1
6359,1
25990,1
3291,1
623,1
6751,1
3935,1
2296,1
36619,1
18601,1
45262,1
368,1
5171,1
1075,1
6060,1
903,1
301,1
27778,1
12426,1
2951,1
4659,1
9758,1
8196,1
19013,1
2934,1
14820,1
28508,1
5993,1
24536,1
35068,1
608829,1
10140,1
11058,1
5085,1
18836,1
2604,1
35105,1
44,1
8138,1
2813,1
1488,1
2914,1
16251,1
7186,1
580,1
1432,1
4025,1
10113,1
42469,1
4629,1
7643,1
7082,1
3057,1
1745,1
360,1
4387,1
8645,1
1194,1
5250,1
1720,1
176,1
3551,1
7868,1
3826,1
782,1
12087,1
78850,1
10823,1
9422,1
2391,1
5624,1
22151,1
33656,1
3071,1
1852,1
9267,1
3107,1
90,1
5076,1
457,1
15645,1
14370,1
6269,1
31086,1
25535,1
5772,1
709,1
60316,1
3359,1
25426,1
16592,1
33557,1
16780,1
18247,1
204,1
707,1
34224,1
251,1
366,1
1503,1
3531,1
6318,1
4943,1
1350,1
711,1
875,1
931,1
503,1
8018,1
1528,1
1301,1
4589,1
3929,1
3375,1
43852,1
2502,1
3993,1
8153,1
821,1
82271,1
23120,1
3508,1
12986,1
3154,1
8498,1
566,1
7214,1
9396,1
34963,1
6391,1
2435,1
4267,1
6121,1
19764,1
1706,1
14747,1
29878,1
8469,1
14627,1
521,1
10275,1
15866,1
224,1
8736,1
67,1
13380,1
4309,1
3115,1
517,1
37449,1
112690,1
10648,1
28969,1
4248,1
11709,1
5833,1
10116,1
49947,1
15947,1
1406,1
2131,1
35782,1
5439,1
418775,1
7113,1
73961,1
2626,1
7778,1
1523,1
2962,1
6126,1
2246,1
10770,1
1439,1
14937,1
2126,1
8501,1
435,1
5356,1
13253,1
7277,1
4305,1
7193,1
15060,1
2516,1
1900,1
2605,1
195315,1
6689,1
27833,1
1451,1
14021,1
1081,1
4993,1
17191,1
2160,1
16299,1
5448,1
15127,1
22992,1
3336,1
3773,1
329,1
1596,1
3090,1
7209,1
2943,1
11722,1
2913,1
7495,1
2217,1
153277,1
228379,1
11552,1
8306,1
25792,1
2122,1
733,1
13118,1
1701,1
3694,1
54072,1
1881,1
18983,1
61518,1
315,1
165,1
8594,1
11608,1
11590,1
3894,1
2859,1
2121,1
39023,1
12281,1
5701,1
20482,1
5648,1
20796,1
6537,1
1704,1
4743,1
32311,1
340,1
8655,1
73,1
5676,1
8885,1
46483,1
2751,1
708,1
5003,1
42,1
7189,1
12060,1
14269,1
4687,1
25190,1
3602,1
44009,1
7089,1
3941,1
189,1
4641,1
1904,1
2875,1
2387,1
26341,1
6590,1
10793,1
10933,1
1702,1
1281,1
