1,128719
2,37343
3,19199
4,12297
5,8889
6,6628
7,5251
8,4453
9,3706
10,3241
11,2686
12,2334
13,2097
14,1932
15,1804
16,1523
17,1416
18,1357
19,1152
20,1143
22,999
21,991
23,899
25,837
24,817
26,784
27,762
28,670
29,645
30,611
31,562
32,554
33,527
34,514
35,493
38,454
36,447
37,443
40,422
39,418
41,405
46,356
42,352
44,345
45,342
43,323
47,322
48,287
49,282
50,261
51,257
52,248
57,248
58,248
54,246
55,240
59,232
53,228
56,222
60,217
61,207
64,190
67,182
71,181
62,180
63,177
65,174
66,163
70,156
72,155
69,154
77,154
68,154
78,153
74,153
73,152
80,148
75,145
81,140
76,136
85,127
82,125
84,125
92,124
79,124
86,120
97,116
87,115
103,115
90,114
89,110
83,108
88,106
98,103
91,102
100,101
99,101
94,101
95,100
93,99
104,99
96,97
106,92
107,92
101,89
105,88
108,87
123,87
112,87
113,87
115,86
110,85
102,82
114,81
121,78
129,76
122,76
116,76
127,74
117,72
109,72
120,71
134,71
111,70
132,69
125,68
130,68
133,67
119,66
124,64
118,62
137,62
141,62
139,61
128,61
138,61
136,60
135,57
145,57
126,57
149,57
131,56
142,55
140,54
164,53
146,52
153,51
154,51
143,49
155,49
158,48
148,48
151,48
183,47
147,46
157,46
162,45
165,45
160,45
168,45
175,44
182,44
184,43
167,43
176,43
169,42
152,41
180,41
177,41
144,41
178,40
223,40
150,40
159,40
187,39
161,39
193,39
174,39
212,39
191,38
185,38
172,38
210,38
179,38
171,37
156,36
197,36
173,36
163,35
203,35
181,35
189,34
201,34
188,34
202,34
211,34
233,34
204,33
216,33
166,33
205,33
194,32
186,32
213,31
190,31
275,31
228,31
198,31
215,31
195,30
222,29
208,29
170,29
253,29
255,29
221,29
217,28
269,28
250,27
244,27
214,27
207,27
206,27
235,27
237,27
258,27
196,26
256,26
268,25
227,25
251,25
192,25
242,25
229,25
218,25
234,25
200,25
220,25
230,24
272,24
232,24
224,24
265,24
199,24
262,24
297,23
294,23
302,23
225,23
231,23
264,23
276,22
246,22
226,22
239,22
238,22
252,22
248,22
307,22
241,22
316,22
344,21
267,21
285,21
240,21
254,21
236,21
338,20
247,20
243,20
277,20
382,20
314,20
321,20
273,20
270,19
282,19
296,19
370,19
263,19
245,19
329,19
324,19
209,19
308,19
425,18
318,18
293,18
284,18
301,18
274,18
300,18
249,18
280,18
271,18
281,17
305,17
260,17
292,17
322,17
298,16
335,16
418,16
313,16
286,16
257,16
299,16
342,16
304,16
328,16
372,15
259,15
357,15
278,15
309,15
279,15
351,15
347,15
352,15
330,15
319,15
376,15
266,15
410,14
389,14
326,14
377,14
467,14
437,14
349,14
317,14
219,14
333,14
339,14
392,14
350,14
287,14
423,14
482,14
327,14
363,14
379,14
395,14
397,13
303,13
337,13
393,13
497,13
442,13
315,13
402,13
261,13
341,13
439,13
409,13
415,13
443,13
288,13
401,13
457,13
361,13
460,13
420,13
407,13
356,12
427,12
291,12
451,12
367,12
449,12
332,12
295,12
522,12
394,12
358,12
380,12
306,12
459,12
434,12
323,12
412,12
364,11
537,11
549,11
391,11
486,11
487,11
375,11
366,11
496,11
353,11
461,11
438,11
355,11
345,11
385,11
400,11
465,11
359,11
422,11
354,11
684,11
447,10
452,10
312,10
386,10
566,10
310,10
568,10
368,10
416,10
369,10
398,10
468,10
283,10
611,10
484,10
619,10
405,10
384,10
500,10
552,10
408,10
431,10
536,10
530,10
429,10
383,10
617,10
406,10
289,10
489,10
512,10
433,10
336,9
413,9
652,9
343,9
471,9
572,9
531,9
396,9
365,9
546,9
466,9
446,9
585,9
742,9
559,9
340,9
491,9
381,9
507,9
371,9
510,9
469,9
672,9
670,9
738,9
696,9
320,9
859,8
541,8
290,8
403,8
473,8
868,8
650,8
453,8
705,8
455,8
505,8
499,8
610,8
436,8
575,8
547,8
556,8
494,8
472,8
348,8
411,8
548,8
622,8
618,8
462,8
495,8
360,8
602,8
644,8
889,8
458,8
388,8
331,8
390,8
481,8
477,8
432,8
657,8
508,8
607,8
476,8
311,8
334,8
387,8
555,8
506,8
421,8
768,8
533,7
631,7
445,7
592,7
528,7
651,7
674,7
362,7
514,7
374,7
666,7
707,7
581,7
726,7
430,7
515,7
464,7
1184,7
538,7
621,7
503,7
722,7
603,7
527,7
523,7
576,7
748,7
470,7
498,7
543,7
521,7
550,7
693,7
441,7
448,7
373,7
712,7
504,7
732,7
414,7
535,7
417,7
688,7
444,7
520,7
526,7
539,7
594,7
770,7
428,7
378,7
483,7
516,7
583,7
789,7
545,6
480,6
450,6
595,6
612,6
562,6
454,6
765,6
817,6
1024,6
1493,6
941,6
821,6
419,6
540,6
502,6
858,6
641,6
435,6
608,6
346,6
879,6
1460,6
551,6
463,6
848,6
590,6
399,6
513,6
734,6
1222,6
588,6
564,6
852,6
646,6
517,6
971,6
822,6
761,6
927,6
1063,6
325,6
624,6
634,6
579,6
904,6
625,6
675,6
553,6
1038,6
854,6
1150,6
554,6
679,5
906,5
542,5
474,5
933,5
1029,5
501,5
898,5
894,5
929,5
569,5
759,5
597,5
558,5
591,5
871,5
741,5
975,5
784,5
763,5
653,5
573,5
440,5
598,5
1311,5
1160,5
639,5
911,5
720,5
719,5
1272,5
887,5
907,5
735,5
1274,5
711,5
984,5
728,5
571,5
695,5
863,5
485,5
806,5
774,5
723,5
1643,5
855,5
478,5
785,5
886,5
833,5
1206,5
1033,5
570,5
563,5
731,5
773,5
577,5
686,5
1535,5
843,5
586,5
678,5
1045,5
755,5
616,5
580,5
587,5
893,5
1035,5
630,5
404,5
426,5
918,5
1131,5
534,5
1143,5
525,5
910,5
970,5
424,5
968,5
3351,4
747,4
620,4
964,4
796,4
685,4
643,4
1193,4
509,4
727,4
1188,4
1088,4
596,4
475,4
1609,4
2408,4
717,4
969,4
764,4
524,4
490,4
923,4
860,4
681,4
632,4
1013,4
1642,4
561,4
845,4
560,4
687,4
702,4
1292,4
967,4
869,4
667,4
1122,4
647,4
838,4
3135,4
993,4
601,4
692,4
956,4
677,4
787,4
908,4
1139,4
753,4
801,4
926,4
1310,4
815,4
875,4
725,4
1142,4
706,4
737,4
874,4
816,4
2443,4
804,4
972,4
669,4
488,4
1008,4
847,4
519,4
903,4
1057,4
1227,4
746,4
945,4
807,4
778,4
1448,4
1384,4
751,4
637,4
511,4
671,4
479,4
939,4
769,4
557,4
1504,4
1945,4
857,4
922,4
2850,4
690,4
776,4
682,4
673,4
529,4
1004,4
797,4
777,4
724,4
1366,4
567,4
1166,4
772,4
710,4
749,4
664,4
492,4
795,4
1031,4
676,4
991,4
1006,4
660,4
668,4
752,4
1096,4
1203,4
883,4
920,4
1953,3
718,3
1391,3
1830,3
1995,3
1510,3
1144,3
856,3
870,3
3833,3
743,3
917,3
1620,3
721,3
1111,3
633,3
1812,3
1813,3
812,3
1258,3
803,3
775,3
1078,3
1162,3
1123,3
1705,3
1403,3
823,3
921,3
589,3
699,3
1183,3
938,3
1996,3
1385,3
1019,3
767,3
1496,3
1248,3
916,3
1185,3
1343,3
977,3
1739,3
954,3
835,3
1271,3
1107,3
623,3
1112,3
1239,3
697,3
654,3
2452,3
800,3
915,3
760,3
878,3
1548,3
2103,3
4588,3
1067,3
1047,3
1284,3
1574,3
1085,3
891,3
648,3
700,3
703,3
605,3
1076,3
629,3
593,3
818,3
1254,3
957,3
715,3
947,3
1426,3
1545,3
1055,3
1220,3
532,3
1529,3
1807,3
3987,3
1017,3
1165,3
613,3
982,3
1011,3
683,3
951,3
1410,3
880,3
663,3
1576,3
1882,3
736,3
831,3
942,3
1296,3
853,3
1706,3
1002,3
1370,3
924,3
1173,3
713,3
1242,3
865,3
813,3
1082,3
2888,3
2169,3
1656,3
1467,3
758,3
1105,3
2316,3
691,3
1023,3
2964,3
1497,3
1740,3
861,3
1464,3
943,3
614,3
909,3
1549,3
928,3
714,3
890,3
1130,3
709,3
2381,3
1090,3
1308,3
1836,3
456,3
739,3
2576,3
781,3
1168,3
988,3
1081,3
1654,3
1640,3
794,3
636,3
2120,3
1432,3
1154,3
996,3
872,3
1084,3
2061,3
1155,3
2143,3
1225,3
1060,3
1393,3
1138,3
937,3
1674,3
1618,3
2067,3
1546,3
1578,3
1973,3
606,3
1040,3
1583,3
604,3
780,3
955,3
1129,3
935,3
1509,3
1359,3
1649,3
832,3
1298,3
701,3
1676,3
578,3
1051,3
989,3
885,3
2584,3
1113,3
1345,3
1233,3
745,3
766,3
638,3
961,3
876,3
1302,3
1361,3
782,3
1932,3
882,3
1124,3
1026,2
1904,2
1270,2
1562,2
2819,2
2139,2
1015,2
1491,2
1452,2
1021,2
2250,2
1907,2
754,2
680,2
2008,2
1389,2
1334,2
1287,2
1829,2
4114,2
2868,2
1779,2
1659,2
11639,2
1658,2
1513,2
11587,2
1086,2
1148,2
1791,2
1575,2
2523,2
3314,2
2534,2
1367,2
1163,2
1218,2
888,2
1022,2
1708,2
2243,2
1309,2
960,2
1169,2
1352,2
2055,2
1848,2
1043,2
1927,2
1763,2
2333,2
2323,2
4429,2
716,2
1703,2
2044,2
1341,2
1517,2
1864,2
2036,2
1000,2
1770,2
1196,2
805,2
1014,2
1039,2
698,2
1157,2
932,2
1054,2
3753,2
925,2
1503,2
1644,2
1477,2
850,2
2994,2
1918,2
1297,2
1030,2
493,2
1229,2
783,2
1788,2
1304,2
1080,2
9539,2
1376,2
1559,2
1121,2
1164,2
2728,2
1752,2
584,2
788,2
1984,2
1153,2
841,2
1702,2
1106,2
1742,2
1436,2
834,2
978,2
1151,2
1808,2
1322,2
1765,2
2070,2
2124,2
2371,2
1936,2
1202,2
1721,2
820,2
1579,2
1796,2
990,2
2606,2
2738,2
1405,2
626,2
2188,2
1600,2
1952,2
3146,2
1061,2
757,2
1353,2
2007,2
2078,2
1839,2
1495,2
1294,2
2479,2
934,2
1079,2
5093,2
5787,2
2129,2
2029,2
1018,2
2556,2
1716,2
1273,2
1689,2
1114,2
1437,2
1572,2
1743,2
1457,2
3649,2
1482,2
1447,2
1217,2
1828,2
4134,2
704,2
642,2
1902,2
877,2
809,2
2111,2
1044,2
931,2
1049,2
837,2
1634,2
1032,2
2530,2
3684,2
1598,2
1208,2
1266,2
2813,2
1332,2
1443,2
2037,2
2985,2
987,2
1396,2
609,2
3775,2
3680,2
656,2
2476,2
2460,2
1077,2
1958,2
3315,2
1521,2
1003,2
1934,2
1191,2
2096,2
2447,2
1815,2
1007,2
1890,2
1682,2
1087,2
1490,2
1402,2
814,2
1299,2
2622,2
1826,2
1431,2
786,2
1286,2
2431,2
3455,2
2167,2
980,2
1263,2
2634,2
1328,2
1307,2
1042,2
1672,2
5240,2
830,2
2309,2
2363,2
2666,2
1915,2
1255,2
4963,2
1275,2
973,2
1458,2
3326,2
1052,2
5006,2
1407,2
828,2
936,2
2377,2
1728,2
1171,2
829,2
750,2
649,2
3446,2
1194,2
895,2
582,2
708,2
1746,2
2542,2
1205,2
3872,2
1651,2
966,2
962,2
4486,2
1269,2
1103,2
1046,2
2140,2
1983,2
1777,2
1238,2
3433,2
2384,2
1256,2
1963,2
1474,2
599,2
2610,2
849,2
1115,2
1279,2
851,2
1852,2
5150,2
1465,2
8071,2
2004,2
981,2
1244,2
2085,2
1920,2
2315,2
844,2
2370,2
1768,2
1730,2
1591,2
1147,2
2513,2
518,2
950,2
2006,2
1754,2
3208,2
825,2
2579,2
946,2
1348,2
2160,2
1611,2
1344,2
2966,2
1211,2
1925,2
1454,2
628,2
900,2
1083,2
1884,2
3329,2
2623,2
919,2
819,2
762,2
2918,2
1481,2
1522,2
1102,2
2205,2
8683,2
4385,2
1314,2
1058,2
1798,2
1120,2
1802,2
2457,2
7185,2
3342,2
1346,2
1786,2
2945,2
1339,2
799,2
1989,2
1899,2
998,2
1306,2
884,2
1587,2
1718,2
901,2
1071,2
842,2
2260,2
1305,2
1221,2
1962,2
930,2
1886,2
1072,2
2020,2
3346,2
1204,2
3214,2
2422,2
1386,2
2374,2
1784,2
1507,2
1070,2
1036,2
2005,2
1156,2
983,2
1586,2
2109,2
2600,2
3527,2
1767,2
1177,2
802,2
1195,2
1249,2
1293,2
2313,2
798,2
1819,2
2123,2
2246,2
949,2
3058,2
1439,2
658,2
1585,2
1245,2
1062,2
1134,2
1349,2
1116,2
1515,2
2012,2
1313,2
640,2
1823,2
729,2
2618,2
2393,2
892,2
2320,2
4932,2
779,2
1362,2
1210,2
1756,2
2149,2
600,2
1991,2
999,2
791,2
4632,2
665,2
974,2
5524,2
1440,2
2275,2
1817,2
897,2
744,2
4068,1
1790,1
1126,1
4446,1
1446,1
1469,1
22317,1
2050,1
20839,1
11429,1
2988,1
6464,1
8391,1
1094,1
2609,1
3602,1
2156,1
4687,1
3149,1
10713,1
2619,1
4593,1
3361,1
5601,1
2293,1
18054,1
14933,1
11936,1
5775,1
5610,1
1661,1
13543,1
5777,1
1613,1
792,1
4992,1
12941,1
5437,1
2461,1
1518,1
2117,1
1805,1
3036,1
948,1
3507,1
6317,1
1731,1
3664,1
11250,1
3834,1
21840,1
3858,1
2043,1
1697,1
4823,1
2927,1
2509,1
37261,1
1950,1
2040,1
8440,1
11276,1
5409,1
2214,1
43367,1
7225,1
2453,1
15529,1
1413,1
449810,1
3116,1
16932,1
12405,1
1470,1
23210,1
7968,1
13740,1
149183,1
59186,1
1693,1
1570,1
6003,1
3668,1
959,1
5473,1
2760,1
4801,1
7307,1
3192,1
4466,1
2073,1
8332,1
2976,1
1377,1
45250,1
3928,1
14845,1
4389,1
10219,1
35068,1
2755,1
7253,1
2572,1
5490,1
3409,1
7597,1
2646,1
2662,1
14705,1
1487,1
3521,1
13693,1
1957,1
21311,1
2063,1
1980,1
5044,1
4352,1
7231,1
6861,1
3406,1
2538,1
1670,1
2986,1
3066,1
7564,1
1461,1
6637,1
16914,1
4553,1
3969,1
1444,1
3388,1
3912,1
2095,1
9492,1
2258,1
7573,1
9984,1
913,1
134995,1
1628,1
2019,1
12811,1
6998,1
1136,1
2637,1
7550,1
2701,1
3143,1
1741,1
1132,1
2413,1
56851,1
1787,1
339907,1
1257,1
7055,1
8660,1
7065,1
4154,1
2802,1
9804,1
1685,1
4707,1
4516,1
6047,1
3062,1
1581,1
153167,1
64347,1
3371,1
43147,1
6774,1
4619,1
3265,1
30989,1
9329,1
9824,1
2664,1
3266,1
2912,1
992,1
11437,1
2949,1
3167,1
5173,1
3285,1
3127,1
2980,1
25675,1
5596,1
6779,1
3340,1
1093,1
1981,1
10613,1
49926,1
89090,1
3129,1
2411,1
13059,1
1868,1
2933,1
2428,1
20218,1
927036,1
30057,1
8325,1
3055,1
4202,1
2657,1
6454,1
5418,1
1010,1
1360,1
3061,1
13299,1
6401,1
1277,1
13206,1
10001,1
20165,1
4038,1
3835,1
1430,1
1580,1
14291,1
13321,1
15723,1
2133,1
6389,1
6305,1
1091,1
7246,1
1291,1
37958,1
93254,1
1423,1
7126,1
2743,1
2287,1
5650,1
7910,1
13249,1
14368,1
1449,1
1543,1
1381,1
8667,1
3616,1
7668,1
3025,1
2865,1
1190,1
23049,1
14504,1
3427,1
3548,1
4110,1
23172,1
5682,1
12050,1
1681,1
3394,1
7043,1
17457,1
1863,1
16880,1
3949,1
6338,1
4230,1
3056,1
4326,1
4564,1
4280,1
1318,1
10518,1
3739,1
33575,1
3458,1
4837,1
2173528,1
4341,1
8612,1
9729,1
128234,1
1883,1
4741,1
14786,1
1050,1
6284,1
29508,1
2706,1
1152,1
13004,1
1428,1
1059,1
29080,1
13829,1
2828,1
14798,1
3060,1
86805,1
12196,1
17295,1
15761,1
1774,1
3902,1
58843,1
2224,1
2712,1
7579,1
7811,1
1880,1
1246,1
2796,1
20194,1
60263,1
2239,1
5480,1
13103,1
3187,1
2981,1
4198,1
7361,1
7995,1
10384,1
2072,1
5956,1
4531,1
8295,1
2676,1
5286,1
52076,1
2347,1
1551,1
43572,1
1409,1
730,1
11243,1
3155,1
1127,1
10828,1
1371,1
2989,1
45706,1
17061,1
11563,1
7238,1
4188,1
4733,1
1733,1
35902,1
4129,1
3614,1
12745,1
12315,1
2827,1
7491,1
627,1
29908,1
985,1
11907,1
2736,1
1686,1
2847,1
21579,1
10882,1
332996,1
141814,1
4422,1
7443,1
10093,1
3395,1
21309,1
3321,1
1638,1
10775,1
4689,1
4177,1
1861,1
4070,1
3313,1
3525,1
770995,1
7256,1
3273,1
2074,1
15335,1
1170,1
1869,1
5780,1
1573,1
1109,1
7467,1
864,1
6207,1
2104,1
27794,1
2620,1
2960,1
14940,1
5212,1
9475,1
4954,1
1725,1
1125,1
1485,1
10514,1
1119,1
1846,1
2153,1
6476,1
9745,1
3919,1
5105,1
1009,1
7916,1
6513,1
9030,1
8875,1
3355,1
7690,1
2420,1
10866,1
22127,1
2444,1
1698,1
22399,1
2874,1
2916,1
3550,1
1699,1
7848,1
1593,1
14364,1
4688,1
3695,1
12177,1
615,1
689,1
1198,1
3931,1
1709,1
2332,1
3435,1
2675,1
5920,1
5114,1
23507,1
6786,1
1692,1
9981,1
1691,1
6257,1
1524,1
1146,1
11228,1
5345,1
3041,1
4502,1
2325,1
242158,1
2001,1
1539,1
1604,1
1247,1
12000,1
1281,1
8990,1
79262,1
4854,1
2000,1
4029,1
7497,1
4168,1
41299,1
1867,1
1512,1
2970,1
20264,1
6053,1
2663,1
2064,1
26830,1
1926,1
7658,1
1388,1
7500,1
16367,1
3935,1
944,1
1075,1
19287,1
148403,1
3237,1
33220,1
7294,1
2115,1
2973,1
2131,1
1406,1
1919,1
6287,1
35868,1
40014,1
3120,1
2944,1
1690,1
5572,1
18406,1
2030,1
3452,1
70483,1
3460,1
7670,1
14537,1
4335,1
9647,1
7466,1
912,1
3877,1
5756,1
4703,1
4569,1
3536,1
3705,1
8296,1
11016,1
9600,1
9587,1
84380,1
1320,1
13104,1
4150,1
14649,1
1252,1
1141,1
2022,1
5942,1
4664,1
187611,1
1650,1
1975,1
5189,1
68054,1
18261,1
13110,1
4123,1
2233,1
2822,1
11781,1
2521,1
12190,1
106983,1
1914,1
2851,1
2917,1
13419,1
2141,1
2655,1
2836,1
16937,1
16131,1
5769,1
20673,1
1479,1
2301,1
808,1
2427,1
3745,1
51784,1
2991,1
1645,1
13303,1
1760,1
272085,1
4413,1
2611,1
11832,1
1873,1
7052,1
2720,1
15265,1
5099,1
2241,1
1527,1
3352,1
3243,1
4219,1
4514,1
5190,1
2091,1
25338,1
1736,1
2547,1
42898,1
3250,1
1137,1
3891,1
25169,1
4981,1
2322,1
8775,1
1478,1
8290,1
2231,1
3038,1
1729,1
95009,1
18018,1
1622,1
2490,1
1167,1
2792,1
9357,1
2058,1
2904,1
1648,1
8873,1
4203,1
1001,1
740,1
6469,1
9360,1
2474,1
13377,1
8647,1
4546,1
152564,1
2825,1
1695,1
1783,1
4359,1
26661,1
7744,1
3502,1
16869,1
13949,1
21974,1
1923,1
2580,1
3332,1
9385,1
4458,1
5124,1
218139,1
48999,1
2198,1
3344,1
30003,1
7825,1
3047,1
811,1
2638,1
2106,1
2996,1
1850,1
3110,1
60715,1
7233,1
23634,1
1280,1
41921,1
3069,1
1671,1
5791,1
2465,1
4757,1
1176,1
1943,1
4469,1
2548,1
6039,1
1285,1
9886,1
867,1
1456,1
59250,1
2299,1
1947,1
9143,1
18272,1
1404,1
1228,1
2367,1
114000,1
2222,1
24146,1
2805,1
2722,1
2346,1
8293,1
4983,1
8335,1
3267,1
1724,1
25868,1
2311,1
8000,1
2793,1
1906,1
11815,1
16488,1
2187,1
3797,1
1633,1
2907,1
3881,1
5460,1
2729,1
3270,1
2585,1
12104,1
10786,1
1466,1
952,1
30648,1
8895,1
44808,1
2102,1
655,1
16739,1
2733,1
6004,1
1301,1
3172,1
17482,1
1528,1
5109,1
2502,1
2229,1
27058,1
558493,1
1350,1
2035,1
11375,1
7031,1
18704,1
2554,1
1557,1
1667,1
7162,1
2200,1
4272,1
3738,1
13493,1
58784,1
15207,1
4694,1
3639,1
11796,1
7454,1
2279,1
5000,1
2049,1
2375,1
7902,1
3597,1
2446,1
12389,1
2098,1
1964,1
8213,1
4498,1
8802,1
16150,1
902,1
4656,1
2182,1
2596,1
8260,1
3964,1
2349,1
2987,1
1696,1
10315,1
2193,1
1647,1
13120,1
1373,1
3449,1
20043,1
7404,1
3571,1
7462,1
6013,1
1068,1
2604,1
40575,1
3153,1
3563,1
2914,1
42689,1
1755,1
10582,1
1159,1
9570,1
12065,1
3798,1
6038,1
22196,1
1748,1
7115,1
3538,1
14764,1
1602,1
7518,1
7129,1
7009,1
10023,1
68994,1
2472,1
1942,1
3183,1
3469,1
21134,1
2259,1
1800,1
29547,1
1955,1
21559,1
9433,1
1841,1
2614,1
19447,1
9200,1
2561,1
2589,1
2372,1
24013,1
1500,1
14879,1
2108,1
3603,1
6555,1
16586,1
4161,1
1480,1
2244,1
18270,1
9809,1
3144,1
13612,1
2929,1
2724,1
1041,1
1687,1
39631,1
6045,1
10466,1
59339,1
635,1
3362,1
5693,1
2577,1
26529,1
5496,1
6999,1
3495,1
5275,1
1887,1
9908,1
3311,1
5219,1
3161,1
1673,1
7034,1
1595,1
2563,1
152529,1
13352,1
4777,1
2673,1
4630,1
2848,1
3640,1
7949,1
1336,1
30707,1
19370,1
6664,1
22170,1
5741,1
2951,1
1980629,1
2339,1
1809,1
19249,1
3233,1
2934,1
1804,1
6219,1
6544,1
4966,1
44317,1
15382,1
1860,1
8292,1
2048,1
1870,1
8788,1
12501,1
2321,1
1262,1
4008,1
4408,1
1429,1
11537,1
3513,1
2101,1
5384,1
3631,1
5272,1
2458,1
16338,1
109052,1
11251,1
36574,1
11728,1
30144,1
1003969,1
3656,1
8545,1
1357,1
3782,1
19459,1
1657,1
4867,1
7399,1
7567,1
13289,1
5199,1
13663,1
2047,1
6562,1
1662,1
2232,1
4237,1
979,1
1451,1
1900,1
2400439,1
2605,1
1037,1
5133,1
3476,1
1433,1
1278,1
2288,1
3748,1
2423,1
41726,1
3674,1
3416,1
28580,1
3097,1
1668,1
3555,1
1472,1
1312,1
36534,1
1893,1
23991,1
2110,1
1757,1
30258,1
1099,1
7592,1
4496,1
8315,1
11036,1
7584,1
12702,1
6270,1
1827,1
1243,1
2159,1
1268,1
6650,1
6033,1
7700,1
58635,1
373614,1
1630,1
3310,1
11580,1
5322,1
7588,1
12696,1
392502,1
1321,1
1358,1
866,1
3011,1
15791,1
2318,1
2560,1
14249,1
1762,1
1849,1
694,1
2066,1
4524,1
4447,1
3324,1
8438,1
255015,1
28773,1
1435,1
20568,1
20124,1
1231,1
5807,1
9449,1
5192,1
4093,1
48965,1
4576,1
2544,1
1734,1
4875,1
5168,1
2482,1
2654,1
4518,1
4061,1
826,1
4678,1
2746,1
14592,1
1329,1
5947,1
4066,1
35921,1
11440,1
12171,1
4147,1
1319,1
17524,1
2033,1
1422,1
6482,1
1215,1
120449,1
10522,1
2340,1
2057,1
2028,1
23977,1
6997,1
4055,1
6468,1
7356,1
6320,1
1117,1
2154,1
120089,1
1555,1
30027,1
6078,1
3454,1
4043,1
6206,1
10032,1
1462,1
1101,1
38222,1
12258,1
1324,1
3101,1
1666,1
3992,1
4267,1
4957,1
7439,1
17389,1
5609,1
5110,1
2854,1
11470,1
2575,1
2300,1
3692,1
3909,1
1199,1
21020,1
3766,1
8152,1
52583,1
13630,1
178119,1
8562,1
3703,1
9279,1
1213,1
3918,1
1607,1
1048,1
1347,1
3474,1
9503,1
5237,1
5758,1
3432,1
1330,1
3781,1
1012,1
2668,1
2394,1
25142,1
7014,1
39341,1
1418,1
5951,1
2896,1
6211,1
2380,1
26528,1
7188,1
168486,1
1179,1
7960,1
3370,1
1235,1
3952,1
208139,1
19727,1
1855,1
1100,1
18154,1
2956,1
986,1
2936,1
3592,1
13911,1
1720,1
2481,1
6023,1
99848,1
37832,1
5593,1
11679,1
13105,1
1382,1
11671,1
7501,1
1028,1
1180,1
2080,1
1766,1
1415,1
1776,1
7862,1
1908,1
5826,1
25788,1
19607,1
3289,1
8240,1
35089,1
55928,1
1494,1
11710,1
1158,1
2017,1
4719,1
5710,1
659,1
12756,1
1251,1
2424,1
2163,1
1237,1
1424,1
7898,1
3685,1
2195,1
994,1
1998,1
16823,1
25011,1
6467,1
4753,1
28416,1
5111,1
31308,1
1775,1
6530,1
1624,1
4693,1
12175,1
1639,1
5152,1
1612,1
4847,1
9473,1
4302,1
4716,1
5471,1
4301,1
4580,1
14046,1
3813,1
17885,1
1236,1
2658,1
48778,1
48392,1
4028,1
1547,1
5304,1
2549,1
3158,1
4684,1
2882,1
2278,1
4798,1
19891,1
7796,1
1810,1
2373,1
14201,1
3287,1
4685,1
2715,1
22954,1
1016,1
4967,1
1712,1
3728,1
1149,1
46981,1
5216,1
5582,1
12178,1
1323,1
9869,1
9465,1
2525,1
2501,1
2334,1
21023,1
3262,1
1368,1
1538,1
4562,1
2788,1
544,1
4828,1
3003,1
9479,1
1056,1
1397,1
2565,1
1912,1
15401,1
1240,1
1025,1
10061,1
2470,1
2212,1
1937,1
2971,1
11838,1
1219,1
7751,1
8494,1
2404,1
2852,1
1625,1
3619,1
6412,1
1425,1
3445,1
188457,1
2456,1
2630,1
1276,1
1797,1
14520,1
5678,1
5944,1
10075,1
5268,1
3335,1
3896,1
1372,1
28121,1
6742,1
3544,1
3429,1
2495,1
7375,1
1663,1
1688,1
1857,1
4312,1
26212,1
41197,1
2052,1
6472,1
1577,1
2013,1
4040,1
16092,1
2632,1
2369,1
2357,1
3151,1
1498,1
3517,1
3049,1
2147,1
953,1
3288,1
9681,1
10288,1
2919,1
9462,1
27029,1
14027,1
11432,1
2256,1
2353,1
4309,1
2314,1
2014,1
2204,1
5545,1
43062,1
6715,1
2717,1
13962,1
11568,1
2121,1
12378,1
1214,1
11590,1
1092,1
5431,1
1704,1
2859,1
1325,1
5986,1
1589,1
2324,1
4870,1
1653,1
21944,1
1379,1
4814,1
2144,1
7627,1
62413,1
564270,1
6436,1
12550,1
2145,1
1764,1
91131,1
2090,1
60125,1
1876,1
1558,1
21089,1
1365,1
3354,1
1133,1
4460,1
4946,1
5181,1
1178,1
3962,1
2419,1
15037,1
14110,1
7749,1
76313,1
90106,1
1559473,1
235193,1
3182,1
1207,1
995,1
2056,1
3169,1
3522,1
15154,1
4754,1
4440,1
940,1
5554,1
2190,1
1005,1
2913,1
5404,1
6600,1
2816,1
79888,1
14900,1
1859,1
1590,1
6494,1
37006,1
1369,1
4838,1
16634,1
4480,1
18207,1
18552,1
25102,1
5871,1
2488,1
4603,1
11037,1
6086,1
9032,1
1905,1
2263,1
16200,1
4025,1
53764,1
36299,1
2206,1
4969,1
6533,1
2266,1
7136,1
7869,1
7647,1
4381,1
1544,1
5274,1
27926,1
4676,1
4723,1
1340,1
2183,1
13111,1
1363,1
1331,1
5197,1
6964,1
1597,1
2582,1
1700,1
1571,1
963,1
3437,1
6864,1
9253,1
9648,1
3655,1
6192,1
36708,1
3900,1
4973,1
1820,1
5719,1
905,1
1189,1
3447,1
2809,1
8203,1
1842,1
12143,1
3598,1
1354,1
59061,1
22919,1
1619,1
1186,1
1468,1
12534,1
1903,1
8105,1
14092,1
1655,1
3086,1
5696,1
3862,1
36594,1
6159,1
8755,1
2911,1
4691,1
6640,1
1378,1
1187,1
10302,1
6874,1
6532,1
1664,1
2588,1
5591,1
5136,1
7447,1
23268,1
23993,1
2539,1
4182,1
2331,1
17908,1
3424,1
6310,1
1303,1
3082,1
1364,1
3589,1
1966,1
9543,1
2344,1
4751,1
3999,1
1337,1
47071,1
1010356,1
2786,1
1453,1
5782,1
8429,1
43407,1
4947,1
12385,1
756,1
34030,1
2573,1
6311,1
36449,1
5346,1
3328,1
5037,1
3228,1
5954,1
5303,1
2505,1
1034,1
7904,1
2216,1
976,1
11391,1
1792,1
3725,1
5413,1
8814,1
1567,1
5038,1
23921,1
8859,1
4625,1
2984,1
9912,1
9121,1
914,1
1182,1
3990,1
6357,1
38154,1
565,1
2467,1
6016,1
7056,1
12713,1
4850,1
1326,1
4765,1
2804,1
3376,1
70332,1
4539,1
2800,1
4722,1
2062,1
896,1
16760,1
9231,1
1316,1
1845,1
10441,1
1118,1
2242,1
5818,1
28409,1
5970,1
8226,1
7262,1
2893,1
10209,1
1751,1
8385,1
6579,1
1097,1
4328,1
6818,1
1847,1
1317,1
3022,1
6618,1
810,1
899,1
2494,1
33369,1
33807,1
4106,1
15386,1
1519,1
66406,1
4001,1
28259,1
6036,1
4853,1
7542,1
4536,1
6435,1
8922,1
2771,1
2230,1
2469,1
11847,1
9062,1
4827,1
3675,1
1020,1
3596,1
1825,1
6799,1
2661,1
2683,1
1837,1
7666,1
13025,1
4744,1
5327,1
10508,1
8155,1
7731,1
651376,1
1300,1
22565,1
1615,1
3138,1
6976,1
116033,1
3260,1
23823,1
1499,1
21052,1
1541,1
2290,1
733,1
2122,1
11552,1
8951,1
1865,1
2166,1
4022,1
7671,1
3128,1
793,1
4212,1
2602,1
4615,1
26550,1
6283,1
1226,1
11630,1
2249,1
4796,1
3213,1
5381,1
8520,1
3904,1
17317,1
2292,1
1216,1
1637,1
3829,1
137426,1
32953,1
2326,1
2388,1
42838,1
5379,1
10891,1
873,1
1260,1
2399,1
7483,1
1351,1
4205,1
12400,1
2626,1
1523,1
28873,1
2947,1
4774,1
2962,1
6350,1
2794,1
8794,1
4313,1
3483,1
2640,1
4618,1
1550,1
1128,1
34709,1
4284,1
1089,1
2667,1
8400,1
4095,1
2240,1
2665,1
1629,1
5612,1
16189,1
11451,1
1484,1
1140,1
2128,1
2652,1
5442,1
2594,1
2398,1
3244,1
17779,1
18599,1
4012,1
2938,1
1438,1
2744,1
28577,1
2082,1
7487,1
1707,1
5557,1
2092,1
4118,1
22255,1
4433,1
1398,1
8411,1
1327,1
4459,1
9523,1
4397,1
140069,1
9321,1
3648,1
5776,1
3736,1
2930,1
61791,1
16414,1
14715,1
4419,1
2928,1
3347,1
146613,1
66989,1
827,1
4120,1
2329,1
264810,1
2330,1
552898,1
1174,1
12107,1
5444,1
10540,1
5949,1
1816,1
2162,1
26092,1
2477,1
8453,1
14726,1
6763,1
1895,1
5926,1
6100,1
2546,1
97736,1
12821,1
5634,1
26300,1
1501,1
2294,1
7689,1
89245,1
6627,1
1789,1
2119,1
3944,1
4159,1
30384,1
9307,1
1110,1
3955,1
958,1
3970,1
662,1
2099568,1
2894,1
8989,1
1722,1
15615,1
3570,1
1434,1
4057,1
1735,1
3667,1
3626,1
3978,1
5233,1
1098,1
1259,1
13520,1
3198,1
5054,1
4715,1
15066,1
2362,1
1665,1
4088,1
4633,1
20196,1
3731,1
5080,1
1420,1
1940,1
6839,1
164308,1
1898,1
3607,1
5804,1
8001,1
18273,1
12452,1
1769,1
11400,1
2164,1
9326,1
3174,1
2365,1
8219,1
1476,1
17787,1
3586,1
1675,1
2705,1
2191,1
63843,1
