1,14
2,9
1801,3
278,2
5444,2
816,2
3,2
904,2
530,2
25865,1
574321,1
30991,1
189703,1
705,1
76849,1
52209,1
31145,1
1371,1
51140,1
10428,1
17949,1
558,1
72062,1
1277,1
19907,1
32954,1
44134,1
54,1
926,1
6508,1
19,1
768,1
1665114,1
23222,1
734,1
11700,1
1983,1
25187,1
3201,1
7833,1
9307,1
5417,1
72947,1
287,1
11638,1
57251,1
144453,1
55134,1
4354,1
34912,1
11937,1
37402,1
3964,1
19385,1
147331,1
7156,1
3312,1
130,1
1050,1
823,1
12029,1
698143,1
1527,1
297783,1
7,1
159093,1
5013,1
18373,1
2854,1
399,1
142446,1
30290,1
1445,1
3092,1
6,1
149819,1
342,1
1486949,1
1279,1
4446,1
1877,1
393287,1
1592,1
12957,1
7068,1
1846,1
10103,1
411577,1
11553,1
336069,1
9595,1
37913,1
65633,1
123824,1
4108,1
14442,1
10622,1
13882,1
17197,1
1055,1
272387,1
16404,1
21272,1
98,1
33115,1
780075,1
165121,1
75412,1
251305,1
128130,1
7822,1
4224,1
81258,1
15695,1
6828,1
5245774,1
2170,1
72240,1
144298,1
59730,1
18332,1
4950,1
47677,1
11698,1
217177,1
1769,1
17224,1
6012,1
4151,1
2356,1
1530,1
5922,1
12694,1
14828,1
3067,1
1501,1
8628,1
36792,1
760,1
679701,1
21077,1
989,1
1092433,1
291109,1
144286,1
2673,1
2460,1
6822,1
7962,1
10238,1
5406,1
4817,1
239,1
159146,1
4528,1
56,1
2743,1
366770,1
76314,1
1609,1
5499,1
515,1
13218,1
77743,1
28831,1
60698,1
29438,1
282817,1
145502,1
1197729,1
81553,1
8600,1
10259,1
1329,1
1200,1
1334,1
7430,1
115255,1
1446518,1
197,1
5602,1
65038,1
9610,1
3580,1
130478,1
1100,1
68808,1
252,1
10039,1
6572,1
6781,1
38081,1
12118,1
13143,1
4079,1
714,1
7899,1
21498,1
10601,1
37651,1
33698,1
349,1
1054,1
9714,1
5601,1
153,1
442777,1
45918,1
24039,1
29107,1
4972,1
47388,1
1155,1
141825,1
23871,1
762,1
47320,1
7321,1
1228,1
4213,1
4491,1
21085,1
9633,1
14180,1
6017,1
393745,1
4267,1
1172,1
21080,1
38054,1
221012,1
130332,1
2690,1
9,1
2191,1
9419,1
17989,1
2298,1
13945,1
34430,1
40462,1
4629,1
25033,1
473,1
14345,1
837528,1
934,1
3294,1
576,1
29250,1
26364,1
1999,1
383883,1
189598,1
1637732,1
47021,1
8927,1
105824,1
5196,1
981,1
148494,1
4385,1
2559,1
60663,1
269526,1
19320,1
112744,1
2310,1
2426,1
99754,1
6544,1
70636,1
102157,1
301,1
142915,1
42756,1
5769,1
1978351,1
22659,1
12067,1
10825,1
1820,1
50223,1
3644,1
2952,1
1754706,1
119959,1
8796,1
10338,1
995,1
6581,1
8211,1
31724,1
29448,1
7719,1
26530,1
78488,1
5163,1
116683,1
33309,1
18545,1
223244,1
7805,1
129640,1
26532,1
67,1
6624,1
560,1
11,1
215644,1
12097,1
18053,1
13272,1
88688,1
9721,1
65811,1
753867,1
31100,1
1565,1
21672,1
20746,1
1011,1
29951,1
127,1
4867,1
15852,1
14550,1
7043,1
49668,1
56647,1
801,1
83918,1
6752,1
29051,1
1173,1
23877,1
24891,1
78,1
501,1
7249,1
6807,1
7685,1
22153,1
319592,1
13771,1
1584,1
8132,1
1102,1
390,1
664,1
1035682,1
3511,1
29677,1
150276,1
3494,1
80,1
1601,1
13499,1
7374,1
1615,1
72250,1
1966,1
2698,1
8672,1
729,1
25497,1
684,1
27247,1
46078,1
2283,1
76996,1
2063,1
77342,1
4,1
57406,1
256638,1
196821,1
217,1
11575,1
187117,1
350263,1
123297,1
14585,1
5633,1
8738,1
4004,1
22126,1
5855,1
2521,1
60621,1
55220,1
3026,1
10188,1
2519,1
8455,1
16610,1
8310,1
82,1
1573,1
2984,1
6986,1
6821,1
41903,1
36409,1
8344,1
7931,1
15383,1
329,1
848,1
2057,1
7105,1
18218,1
70,1
35410,1
542,1
67103,1
13660,1
80011,1
2075,1
7189,1
45574,1
20600,1
2249,1
176,1
4454,1
379933,1
485975,1
31797,1
61759,1
188358,1
24658,1
6954,1
41681,1
3843,1
223,1
19579,1
351,1
3625,1
6650,1
11580,1
11616,1
15285,1
6420,1
16390,1
577292,1
48532,1
2750,1
1123,1
106284,1
8070,1
33832,1
15247,1
276739,1
23792,1
2427,1
42458,1
6408,1
63116,1
36644,1
90,1
60,1
489,1
66126,1
72898,1
149820,1
2000,1
271669,1
285,1
30670,1
13211,1
3265,1
10201,1
211801,1
117,1
1229,1
23945,1
10,1
9806,1
2773,1
120,1
13936,1
34457,1
29279,1
41178,1
5376,1
5358,1
13684,1
108094,1
3872,1
91375,1
5932,1
11019,1
12084,1
74988,1
13471,1
9186,1
3542,1
26148,1
12641,1
121508,1
1540,1
1041,1
4492,1
5595,1
12668,1
6135,1
188720,1
19627,1
86347,1
426640,1
2144,1
8937,1
49743,1
4870,1
89163,1
6339,1
76949,1
1443,1
57001,1
3176,1
14068,1
531,1
4738,1
45,1
226105,1
8711,1
93,1
3000,1
939253,1
25082,1
9552,1
8532,1
4111,1
30112,1
967,1
8182,1
869,1
918,1
8581,1
1431,1
10950,1
5401,1
1090,1
7289,1
84808,1
1713,1
510,1
8850,1
4171,1
3686,1
13333,1
42406,1
9032,1
4480,1
