1,8585335
2,751373
3,253210
4,127735
5,78196
6,52255
7,37927
8,28570
9,22678
10,18168
11,15038
12,12359
13,10876
14,9170
15,7965
16,7092
17,6242
18,5654
19,4874
20,4500
21,4011
22,3647
23,3338
24,3113
25,2882
26,2636
27,2426
28,2298
29,2256
30,2079
31,1977
32,1792
33,1683
35,1528
34,1519
36,1409
37,1317
38,1278
39,1226
40,1120
41,1093
42,1049
44,992
43,931
45,926
47,856
46,833
48,816
49,777
50,771
52,701
51,678
53,654
54,621
57,606
56,593
55,570
60,569
58,557
59,542
61,521
62,485
63,478
66,445
64,436
67,435
65,425
68,405
69,392
70,381
73,378
71,368
72,367
76,349
74,333
75,323
77,310
81,306
79,301
78,301
80,293
84,283
83,282
82,278
85,259
87,253
92,246
86,242
89,235
94,233
95,230
88,229
91,227
97,222
90,222
93,221
96,213
100,200
99,194
101,192
104,189
105,188
98,185
103,182
102,171
108,170
107,162
111,158
110,154
119,153
116,151
106,150
113,147
112,147
114,144
115,144
117,141
121,139
128,134
109,134
122,131
118,130
126,129
125,129
123,128
129,123
120,122
135,122
132,121
124,115
127,115
130,113
141,110
139,102
133,102
136,99
143,99
140,99
131,98
134,98
146,96
142,96
137,96
147,96
144,93
138,92
145,91
172,88
152,88
148,87
155,86
188,83
160,83
161,82
151,82
158,81
150,80
154,79
149,78
156,77
176,77
165,77
159,77
157,75
164,75
167,73
162,73
163,73
174,72
178,70
169,70
153,68
175,68
184,67
182,67
166,67
192,66
196,64
171,63
180,62
203,61
179,61
168,61
199,61
181,60
170,59
198,58
189,57
195,56
204,55
185,54
213,53
244,52
173,52
216,52
207,51
210,51
209,50
197,50
183,50
202,48
191,48
218,48
205,48
211,48
228,47
187,47
226,47
229,46
190,46
208,46
224,46
200,46
227,45
177,45
186,45
201,44
221,44
193,43
236,43
214,43
219,43
206,43
234,42
215,42
253,40
240,40
222,39
237,39
232,39
255,39
194,39
277,38
212,38
264,38
239,38
276,38
250,38
235,37
252,37
233,37
231,37
230,37
220,36
268,35
225,35
303,35
295,35
257,34
247,34
238,34
284,34
266,33
302,33
251,33
270,32
293,32
248,32
246,32
254,32
245,32
261,32
267,32
262,31
241,31
316,31
309,31
291,31
304,30
280,30
297,30
263,30
317,30
243,29
278,29
274,29
271,29
265,29
287,28
299,28
242,28
294,28
269,28
223,28
281,28
296,27
258,27
249,27
288,27
256,27
290,26
260,26
300,26
411,25
259,25
367,24
306,24
323,24
322,24
289,24
314,24
217,24
336,24
348,23
361,23
318,23
321,23
327,23
308,23
285,23
391,23
279,22
305,22
286,22
282,22
347,21
402,21
341,21
331,21
359,21
298,21
335,21
273,21
275,20
320,20
349,20
283,20
355,20
272,20
343,19
430,19
332,19
352,19
373,19
334,19
374,19
409,19
354,19
427,18
356,18
301,18
333,18
337,18
292,18
400,18
344,18
360,18
312,18
311,18
366,18
340,18
395,17
420,17
365,17
353,17
449,17
319,17
362,17
329,17
414,16
388,16
421,16
370,16
328,16
384,16
405,16
379,16
382,16
351,16
315,16
393,16
387,16
406,15
330,15
418,15
307,15
375,15
377,15
383,15
471,15
491,15
390,15
437,15
426,15
408,15
310,15
358,15
396,15
350,15
469,15
456,15
378,14
326,14
346,14
511,14
461,14
364,14
501,14
403,14
441,14
324,14
339,14
404,14
380,14
425,14
338,14
313,14
401,14
709,14
476,14
455,13
363,13
342,13
407,13
498,13
490,13
485,13
431,13
432,13
372,13
458,13
416,13
325,12
602,12
399,12
412,12
424,12
446,12
419,12
550,12
345,12
606,12
465,12
445,12
493,12
444,12
494,12
479,12
523,12
357,12
558,11
487,11
629,11
386,11
516,11
562,11
496,11
397,11
538,11
368,11
448,11
460,11
528,11
467,11
590,11
688,11
539,11
512,11
433,11
518,11
410,11
620,11
484,11
463,10
415,10
439,10
413,10
443,10
389,10
515,10
563,10
464,10
392,10
429,10
435,10
492,10
544,10
514,10
468,10
508,10
520,10
422,10
645,10
506,10
470,10
475,10
527,10
625,10
398,10
526,10
529,9
486,9
555,9
385,9
376,9
453,9
546,9
462,9
789,9
499,9
452,9
423,9
580,9
587,9
628,9
482,9
440,9
631,9
792,9
750,9
428,9
525,9
565,9
615,9
495,9
436,9
598,9
522,9
571,9
640,9
531,9
650,8
417,8
513,8
596,8
773,8
586,8
665,8
632,8
556,8
548,8
497,8
535,8
641,8
478,8
371,8
454,8
573,8
655,8
893,8
480,8
774,8
591,8
652,8
536,8
504,8
524,8
605,8
503,8
533,8
438,8
547,8
663,8
627,8
457,8
597,8
510,8
578,8
609,8
394,8
619,8
570,7
720,7
442,7
600,7
638,7
474,7
450,7
447,7
509,7
694,7
646,7
537,7
849,7
519,7
500,7
654,7
381,7
804,7
611,7
532,7
473,7
710,7
778,7
477,7
553,7
689,7
967,7
634,7
810,7
613,7
805,7
687,7
679,7
594,7
643,7
851,7
690,7
832,7
489,7
633,7
566,7
616,7
472,7
695,7
786,7
572,7
545,7
835,7
685,6
564,6
889,6
530,6
541,6
902,6
736,6
990,6
561,6
713,6
466,6
702,6
459,6
585,6
712,6
742,6
434,6
599,6
637,6
593,6
784,6
743,6
748,6
481,6
451,6
800,6
517,6
683,6
540,6
919,6
576,6
653,6
855,6
614,6
922,6
658,6
740,6
657,6
732,6
604,6
672,6
607,6
603,6
980,6
864,6
582,6
651,6
770,6
793,6
647,6
483,6
549,6
848,6
612,6
751,6
730,5
844,5
724,5
909,5
963,5
876,5
1050,5
828,5
752,5
1089,5
369,5
699,5
814,5
704,5
703,5
642,5
592,5
726,5
1060,5
756,5
608,5
744,5
671,5
741,5
1436,5
859,5
659,5
557,5
950,5
797,5
953,5
731,5
581,5
795,5
1486,5
746,5
1189,5
1340,5
1034,5
747,5
622,5
560,5
803,5
1031,5
1082,5
827,5
791,5
583,5
722,5
984,5
916,5
568,5
648,5
601,5
626,5
1123,5
708,5
542,5
674,5
764,5
1131,5
660,5
630,5
1032,5
837,5
534,5
727,5
1147,5
502,4
830,4
588,4
1077,4
847,4
693,4
1185,4
1353,4
961,4
964,4
1059,4
700,4
488,4
820,4
760,4
852,4
843,4
589,4
621,4
854,4
796,4
959,4
610,4
1009,4
1267,4
1328,4
675,4
833,4
769,4
649,4
866,4
719,4
818,4
623,4
644,4
1045,4
900,4
1087,4
1023,4
697,4
575,4
1310,4
761,4
1047,4
682,4
559,4
552,4
951,4
947,4
636,4
507,4
979,4
1880,4
776,4
910,4
1113,4
715,4
1154,4
1062,4
1402,4
1179,4
639,4
1080,4
1058,4
1161,4
954,4
763,4
1863,4
1076,4
1301,4
821,4
904,4
1020,4
729,4
892,4
782,4
1160,4
701,4
670,4
1015,4
973,4
505,4
733,4
881,4
1197,4
960,4
759,4
885,4
976,4
937,4
728,4
725,4
908,4
873,4
1003,4
783,4
721,4
569,4
1105,4
669,4
666,4
584,4
667,4
788,4
691,3
1908,3
1200,3
551,3
624,3
1202,3
2989,3
1338,3
1376,3
1025,3
970,3
1110,3
1789,3
1152,3
737,3
706,3
1002,3
1213,3
1452,3
1731,3
948,3
595,3
962,3
1612,3
958,3
912,3
1252,3
1217,3
790,3
1733,3
845,3
574,3
883,3
1259,3
933,3
754,3
1516,3
861,3
1103,3
661,3
1116,3
1484,3
554,3
907,3
1474,3
714,3
678,3
1425,3
1024,3
1838,3
1779,3
1126,3
1115,3
890,3
2496,3
1190,3
1381,3
975,3
1000,3
1066,3
978,3
944,3
1685,3
1367,3
929,3
836,3
945,3
718,3
1239,3
867,3
749,3
1295,3
567,3
1569,3
841,3
850,3
822,3
1007,3
8608,3
905,3
1041,3
635,3
858,3
1138,3
1264,3
2092,3
1743,3
1977,3
772,3
952,3
543,3
1201,3
2654,3
879,3
1056,3
1538,3
1506,3
1143,3
668,3
807,3
1235,3
3426,3
801,3
2303,3
2467,3
1973,3
1303,3
1593,3
1489,3
930,3
2264,3
875,3
579,3
780,3
955,3
3138,3
983,3
1300,3
1129,3
1735,3
765,3
1455,3
811,3
2867,3
809,3
1014,3
681,3
680,3
771,3
878,3
1030,3
2095,3
895,3
767,3
840,3
1144,3
2411,3
1176,3
824,3
617,3
1618,3
676,3
987,3
1049,3
2279,3
1634,3
1604,3
1839,3
787,3
1610,3
798,3
1195,3
949,3
1057,3
1229,3
717,3
757,3
808,3
1365,3
2890,3
698,3
1511,3
758,3
1033,3
1026,3
917,3
707,3
1415,2
734,2
1329,2
998,2
1567,2
3155,2
1127,2
938,2
1642,2
857,2
4872,2
1594,2
1958,2
1336,2
1988,2
1241,2
4187,2
1905,2
1445,2
1458,2
2975,2
1343,2
1549,2
1256,2
3210,2
2470,2
1760,2
2007,2
766,2
1010,2
1360,2
1224,2
4159,2
1756,2
1210,2
2828,2
823,2
1403,2
2098,2
6694,2
1967,2
1697,2
2214,2
1728,2
974,2
1440,2
1108,2
1021,2
1069,2
1599,2
831,2
1042,2
3110,2
1850,2
1482,2
2922,2
1504,2
1775,2
1991,2
662,2
1530,2
1347,2
915,2
1795,2
1737,2
1238,2
1548,2
2097,2
11780,2
1149,2
1191,2
1299,2
1099,2
880,2
1826,2
1472,2
1280,2
965,2
2551,2
997,2
1124,2
2291,2
2763,2
1242,2
1164,2
2270,2
2420,2
1426,2
2037,2
1514,2
2170,2
856,2
891,2
577,2
1236,2
1046,2
1253,2
946,2
1997,2
1230,2
1121,2
2438,2
1342,2
1786,2
3328,2
1263,2
1629,2
738,2
989,2
865,2
1206,2
813,2
920,2
2171,2
1085,2
1321,2
1493,2
1054,2
1829,2
870,2
1560,2
2390,2
1130,2
1279,2
874,2
816,2
1208,2
1595,2
1999,2
1388,2
1151,2
2147,2
1132,2
1136,2
1083,2
1037,2
2737,2
1953,2
903,2
2810,2
1322,2
815,2
735,2
1556,2
1734,2
1187,2
521,2
2514,2
992,2
2115,2
1406,2
993,2
673,2
1920,2
2315,2
4309,2
934,2
1117,2
1998,2
1244,2
1866,2
981,2
1857,2
1984,2
1271,2
762,2
1155,2
1657,2
995,2
777,2
1068,2
1332,2
2732,2
1909,2
901,2
1040,2
3724,2
1544,2
5400,2
1427,2
1540,2
2202,2
618,2
1209,2
1393,2
921,2
3544,2
3263,2
2817,2
1327,2
3672,2
957,2
941,2
1265,2
1481,2
2965,2
2102,2
2306,2
826,2
942,2
1102,2
996,2
1378,2
872,2
1387,2
1464,2
3117,2
1510,2
1585,2
2640,2
1245,2
1171,2
829,2
2104,2
1725,2
1120,2
1225,2
1341,2
716,2
775,2
2044,2
1335,2
1364,2
1715,2
1001,2
1648,2
753,2
1018,2
2584,2
2938,2
991,2
2457,2
1063,2
1292,2
1198,2
2248,2
884,2
1306,2
1546,2
1315,2
1635,2
1027,2
1097,2
1611,2
1081,2
2943,2
971,2
1590,2
2401,2
899,2
1317,2
1065,2
1095,2
3350,2
2661,2
2422,2
7969,2
1078,2
1350,2
2541,2
2020,2
2145,2
1379,2
1589,2
1156,2
2290,2
1615,2
1499,2
684,2
2762,2
745,2
1203,2
1223,2
1638,2
2249,2
1767,2
2023,2
1036,2
3101,2
1173,2
1275,2
924,2
1978,2
1992,2
1749,2
2103,2
692,2
1554,2
860,2
2837,2
723,2
3310,2
2008,2
1389,2
1029,2
1614,2
1104,2
985,2
2736,2
868,2
6356,2
1646,2
913,2
3876,2
1109,2
1170,2
1763,2
1848,2
1043,2
812,2
1981,2
1401,2
1093,2
1349,2
799,2
2614,2
1660,2
3639,2
1142,2
1702,2
1281,2
887,2
1294,2
1495,2
1676,2
1293,2
2126,2
1819,2
1860,2
3987,2
1165,2
1502,2
1019,2
2713,2
1980,2
898,2
969,2
1067,2
1874,2
1215,2
2340,2
1525,2
1168,2
781,2
2645,2
4460,2
839,2
2342,2
1467,2
2542,2
1286,2
1268,2
1022,2
1708,2
2243,2
2015,2
5030,2
1587,2
1718,2
1183,2
1503,2
1325,2
1092,2
739,2
1692,2
1990,2
4246,1
332996,1
4030,1
141814,1
4003,1
5114,1
3852,1
16669,1
23507,1
10268,1
18064,1
3220,1
4565,1
7521,1
1799,1
2537,1
5826,1
2998,1
2080,1
1460,1
853,1
5733,1
2033,1
7411,1
2309,1
939,1
11440,1
1319,1
10530,1
19935,1
5230,1
4625,1
3823,1
1936,1
3034,1
13907,1
2371,1
2797,1
2598,1
3866,1
1175,1
2030,1
1371,1
3845,1
11243,1
1409,1
2909,1
26541,1
5213,1
1497,1
2882,1
1547,1
1636,1
4161,1
3296,1
3302,1
2881,1
6555,1
1921,1
656,1
1055,1
7867,1
3252,1
2486,1
7612,1
6922,1
1591,1
4835,1
2370,1
14547,1
5545,1
2497,1
5871,1
4277,1
2355,1
3930,1
4478,1
2317,1
10287,1
2263,1
4480,1
3326,1
1052,1
2854,1
11470,1
2684,1
6331,1
35976,1
2300,1
1483,1
3092,1
1199,1
9539,1
45749,1
16744,1
1606,1
2558,1
1212,1
1559,1
1930,1
5087,1
1119,1
5180,1
10514,1
1969,1
3136,1
4677,1
76707,1
1240,1
3239,1
2784,1
21094,1
1771,1
1283,1
2336,1
3405,1
6094,1
2546,1
779,1
12142,1
19464,1
7237,1
2173,1
1277,1
3015,1
11771,1
2812,1
3009,1
3391,1
10237,1
1840,1
1527,1
3243,1
2720,1
677,1
2611,1
4413,1
1571,1
2192,1
5086,1
2953,1
6731,1
49920,1
6326,1
111958,1
7254,1
5334,1
1064,1
9307,1
1302,1
1816,1
2071,1
4608,1
2710,1
26092,1
6298,1
2772,1
1038,1
1174,1
39110,1
1895,1
14798,1
35862,1
2439,1
24104,1
1157,1
932,1
3024,1
1598,1
8802,1
5528,1
2182,1
3196,1
2530,1
90001,1
30689,1
4498,1
1950,1
5556,1
39627,1
17971,1
2040,1
1677,1
3754,1
14207,1
3918,1
15144,1
1407,1
52583,1
23215,1
23953,1
3043,1
334713,1
12224,1
12124,1
11371,1
1233,1
4127,1
20969,1
4397,1
3559,1
34709,1
2223,1
3863,1
696,1
1550,1
1128,1
4986,1
1073,1
3312,1
1134,1
1051,1
2077,1
6202,1
67279,1
24523,1
2999,1
5968,1
7998,1
894,1
1513,1
4501,1
163030,1
4553,1
2403,1
2400,1
7010,1
2364,1
4300,1
3575,1
16534,1
3050,1
6092,1
10170,1
11355,1
2862,1
1945,1
1624,1
4847,1
1269,1
7028,1
966,1
1282,1
9145,1
8610,1
2397,1
4646,1
3372,1
8222,1
9362,1
2414,1
9409,1
5909,1
1361,1
4293,1
7129,1
2356,1
68994,1
1602,1
2285,1
7642,1
2531,1
1942,1
2247,1
14707,1
2261,1
6012,1
9028,1
13875,1
8119,1
4151,1
8712,1
1831,1
3569,1
7240,1
1810,1
3535,1
28866,1
686,1
3433,1
4685,1
1785,1
17056,1
10383,1
14649,1
2185,1
29484,1
2606,1
1141,1
18288,1
2621,1
5706,1
2687,1
1135,1
1535,1
9465,1
1441,1
1368,1
13047,1
21023,1
1323,1
5083,1
6564,1
37211,1
2354,1
2268,1
1669,1
56278,1
9029,1
5961,1
1246,1
11199,1
7727,1
1833,1
2176,1
2016,1
6828,1
1778,1
16360,1
2742,1
2622,1
3275,1
1312,1
1447,1
6362,1
1782,1
1951,1
8082,1
12328,1
9952,1
7077,1
2164,1
1150,1
5737,1
14534,1
1898,1
6066,1
2879,1
10064,1
7000,1
1817,1
52252,1
7987,1
8350,1
3005,1
14917,1
882,1
10301,1
1960,1
1902,1
11399,1
3884,1
42540,1
5875,1
15338,1
3974,1
4188,1
1520,1
10936,1
3217,1
105167,1
67364,1
2498,1
2874,1
180441,1
1739,1
1698,1
10866,1
2444,1
1955,1
3658,1
5097,1
21559,1
2985,1
2259,1
1800,1
29547,1
7957,1
5054,1
2207,1
2518,1
4715,1
4042,1
1773,1
1665,1
26700,1
1098,1
4801,1
3857,1
2758,1
1570,1
7470,1
14647,1
3502,1
21974,1
215100,1
3595,1
1437,1
5326,1
1923,1
1761,1
4817,1
4580,1
4301,1
22507,1
449682,1
2114,1
16477,1
48392,1
3378,1
3951,1
14341,1
6079,1
16057,1
1641,1
4286,1
3646,1
361487,1
14381,1
825,1
2018,1
2579,1
19514,1
1821,1
14110,1
7610,1
5262,1
2572,1
28508,1
10219,1
26831,1
3409,1
2755,1
7106,1
3915,1
4083,1
6088,1
2826,1
4681,1
2786,1
1453,1
4213,1
1346,1
6421,1
3868,1
3355,1
4591,1
3485,1
4015,1
2695,1
37771,1
817,1
2616,1
495012,1
1994,1
2027,1
39159,1
2650,1
4493,1
2790,1
1762,1
10698,1
2219,1
23809,1
68258,1
1307,1
2066,1
4405,1
20292,1
19585,1
2180,1
25100,1
16189,1
7108,1
19727,1
4643,1
1948,1
39908,1
1855,1
5390,1
1100,1
25815,1
2884,1
3446,1
3887,1
968,1
1675,1
897,1
11498,1
1476,1
2705,1
2076,1
2051,1
4785,1
8170,1
1473,1
1783,1
3953,1
1273,1
26661,1
5834,1
1689,1
1114,1
1695,1
4432,1
4079,1
9162,1
928,1
16547,1
1625,1
2853,1
25369,1
3518,1
5353,1
2852,1
2376,1
4914,1
2318,1
1683,1
1576,1
1358,1
27401,1
1536,1
6222,1
2231,1
1284,1
1478,1
10760,1
6414,1
3130,1
1774,1
1582,1
4244,1
29630,1
3807,1
1487,1
9989,1
2396,1
1446,1
1726,1
1534,1
7645,1
13661,1
27902,1
3132,1
2850,1
25494,1
8529,1
7292,1
2779,1
5018,1
3571,1
69514,1
7720,1
9710,1
1647,1
24227,1
3456,1
1266,1
69450,1
8420,1
8198,1
3163,1
2673,1
2704,1
152529,1
2563,1
1807,1
1673,1
34369,1
4485,1
2848,1
2635,1
3025,1
44103,1
18673,1
2165,1
1770,1
6448,1
1888,1
12810,1
129147,1
78739,1
3901,1
3528,1
1928,1
1864,1
24495,1
2036,1
1449,1
1543,1
40966,1
11516,1
1894,1
834,1
322498,1
1232,1
7500,1
3935,1
4674,1
3364,1
3897,1
1498,1
2357,1
3151,1
3049,1
8317,1
1741,1
5499,1
1163,1
6951,1
1787,1
2492,1
56851,1
1257,1
2637,1
3143,1
3314,1
3121,1
9477,1
2413,1
6115,1
2134,1
16405,1
1723,1
5014,1
794,1
2383,1
6419,1
10501,1
11379,1
1363,1
1331,1
1700,1
6461,1
1278,1
806,1
5017,1
5170,1
19462,1
10057,1
2288,1
2210,1
1433,1
3095,1
6507,1
2925,1
29379,1
1809,1
14609,1
2951,1
6544,1
1804,1
8892,1
4199,1
78718,1
11526,1
9404,1
1112,1
911,1
3493,1
32424,1
10610,1
1744,1
9074,1
838,1
1424,1
4249,1
1222,1
1651,1
3338,1
5543,1
6295,1
2434,1
2808,1
18292,1
2222,1
17777,1
1456,1
3084,1
2722,1
3283,1
1404,1
24146,1
10564,1
1947,1
2367,1
1231,1
4778,1
1435,1
117523,1
2559,1
6091,1
3760,1
3145,1
3323,1
8683,1
9407,1
1666,1
3543,1
2178,1
3349,1
5609,1
3992,1
12418,1
7986,1
1764,1
3070,1
3208,1
4549,1
1754,1
1832,1
60125,1
2006,1
1876,1
2511,1
3257,1
91487,1
2664,1
23660,1
10574,1
2452,1
1765,1
14342,1
2410,1
7183,1
7294,1
10223,1
3135,1
2124,1
37155,1
14027,1
8736,1
27029,1
4611,1
755,1
44172,1
4583,1
6068,1
2085,1
5367,1
40405,1
3250,1
3771,1
3537,1
3294,1
4663,1
36299,1
1745,1
2877,1
2206,1
1432,1
4025,1
2266,1
2154,1
13402,1
5510,1
7195,1
55836,1
159342,1
1255,1
9437,1
1555,1
994,1
27807,1
5965,1
24042,1
25011,1
83329,1
16823,1
2964,1
1308,1
2013,1
1885,1
1627,1
7299,1
3147,1
2052,1
1688,1
1122,1
4502,1
1153,1
5196,1
1107,1
3041,1
2347,1
41075,1
1412,1
4310,1
8295,1
29680,1
1013,1
5668,1
3994,1
2899,1
819,1
1842,1
7422,1
1959,1
2061,1
9111,1
10869,1
1410,1
1561,1
5147,1
11333,1
16348,1
13889,1
1559473,1
2226,1
1005,1
5301,1
3415,1
4906,1
1392,1
988,1
2335,1
16788,1
2768,1
9821,1
27939,1
1793,1
6576,1
3006,1
2604,1
2813,1
5574,1
45296,1
4052,1
2980,1
25675,1
4424,1
11935,1
1968,1
32059,1
140082,1
11437,1
1812,1
1309,1
2062,1
18127,1
5157,1
16564,1
1071,1
4722,1
1583,1
2079,1
896,1
11670,1
4896,1
7458,1
28409,1
1316,1
1845,1
1875,1
2242,1
1820,1
2120,1
22059,1
1366,1
5069,1
4415,1
1454,1
4107,1
2406,1
846,1
10126,1
6999,1
5031,1
4657,1
3269,1
2158,1
2577,1
5823,1
2961,1
2929,1
10566,1
1529,1
14512,1
2310,1
7110,1
3587,1
3448,1
17775,1
11100,1
3546,1
8258,1
25412,1
2379,1
1035,1
2945,1
2931,1
2516,1
1890,1
1662,1
30533,1
1227,1
2024,1
4162,1
5356,1
2566,1
863,1
8507,1
5611,1
23894,1
1192,1
13159,1
6373,1
2224,1
23247,1
7313,1
2359,1
28121,1
9971,1
1090,1
2004,1
7128,1
2466,1
1372,1
9398,1
1096,1
1758,1
2082,1
5659,1
4045,1
2671,1
7976,1
28542,1
5340,1
10006,1
3039,1
6134,1
1631,1
1772,1
3892,1
98928,1
20117,1
14291,1
2323,1
4214,1
4833,1
2257,1
1468,1
1166,1
17347,1
3875,1
1522,1
1903,1
5294,1
3027,1
1619,1
12534,1
1044,1
2571,1
1803,1
30648,1
3441,1
1466,1
30893,1
5333,1
3523,1
397452,1
1747,1
453649,1
1672,1
351949,1
6232,1
2746,1
3864,1
3976,1
5349,1
1584,1
5696,1
664,1
4056,1
72903,1
5592,1
4828,1
2142,1
50295,1
5223,1
4094,1
5232,1
2565,1
3268,1
2690,1
2054,1
1491,1
4323,1
17974,1
65367,1
906,1
12823,1
1518,1
2117,1
13079,1
2302,1
4889,1
3249,1
3494,1
378974,1
1668,1
1679,1
1533,1
3097,1
3673,1
7960,1
14503,1
785,1
13009,1
886,1
1418,1
2402,1
3160,1
5433,1
1496,1
5315,1
2194,1
1248,1
7203,1
9777,1
1664,1
2682,1
19852,1
2588,1
2539,1
14082,1
2133,1
1889,1
7246,1
3637,1
4483,1
6574,1
4240,1
1703,1
4204,1
2734,1
3926,1
3374,1
2698,1
3342,1
15015,1
6547,1
1337,1
2089,1
10712,1
6752,1
1167,1
6814,1
4979,1
37177,1
8941,1
17288,1
1419,1
2038,1
4780,1
4012,1
15117,1
1515,1
3759,1
10283,1
6357,1
1182,1
270222,1
4261,1
914,1
7056,1
2283,1
43057,1
144619,1
1802,1
1954,1
3082,1
12046,1
1699,1
1234,1
4337,1
1752,1
869,1
11415,1
2067,1
7931,1
2727,1
3079,1
2984,1
8441,1
2851,1
10512,1
2301,1
1272,1
1479,1
2188,1
10791,1
2910,1
8385,1
2893,1
7887,1
2155,1
8430,1
1719,1
27857,1
1369,1
2843,1
43503,1
2913,1
1596,1
1305,1
2540,1
3022,1
842,1
1221,1
24421,1
1568,1
3819,1
2633,1
3227,1
1053,1
2096,1
3202,1
28287,1
4567,1
1825,1
6119,1
3337,1
1507,1
8957,1
2374,1
1784,1
16066,1
3596,1
3346,1
1204,1
1386,1
1837,1
3214,1
4842,1
7363,1
3164,1
1872,1
3394,1
1892,1
1681,1
18468,1
3993,1
6004,1
21398,1
7836,1
8130,1
931,1
27058,1
711,1
24789,1
66406,1
5191,1
16002,1
2771,1
1072,1
2469,1
4536,1
19927,1
8922,1
3681,1
2513,1
1653,1
38190,1
5938,1
7160,1
6642,1
986,1
2956,1
1194,1
2481,1
1720,1
3551,1
1356,1
4454,1
2031,1
12071,1
6512,1
4430,1
2320,1
2330,1
5004,1
2393,1
13290,1
2997,1
1541,1
19422,1
2005,1
1586,1
6903,1
4057,1
3667,1
999,1
4369,1
4464,1
1667,1
3604,1
12152,1
12310,1
8230,1
3883,1
4195,1
1788,1
3654,1
9593,1
1861,1
17317,1
7067,1
1298,1
1216,1
2292,1
8833,1
143850,1
6283,1
20519,1
2075,1
12653,1
23606,1
7252,1
35848,1
3221,1
14362,1
1070,1
1830,1
3351,1
4146,1
4155,1
4260,1
1995,1
15554,1
36672,1
3271,1
1416,1
1370,1
4043,1
1101,1
2046,1
4897,1
1417,1
1457,1
4858,1
11006,1
3344,1
16910,1
1563,1
3880,1
5077,1
1922,1
11781,1
4173,1
3088,1
1917,1
74776,1
12483,1
4009,1
935,1
1359,1
3527,1
1649,1
7071,1
7490,1
3530,1
12434,1
1162,1
2271,1
1633,1
33763,1
1724,1
877,1
2793,1
4016,1
1193,1
89059,1
8332,1
6888,1
30016,1
3192,1
16343,1
4776,1
36288,1
7588,1
4363,1
4537,1
11580,1
12696,1
20008,1
1796,1
2483,1
1621,1
8594,1
1605,1
1579,1
1320,1
1385,1
3356,1
5731,1
4129,1
4122,1
2847,1
2454,1
12745,1
6278,1
134995,1
2636,1
1791,1
2523,1
2258,1
7161,1
147012,1
1086,1
11671,1
1028,1
1180,1
2888,1
2189,1
52663,1
1311,1
13827,1
2425,1
2725,1
2507,1
10075,1
1141289,1
5580,1
5076,1
1276,1
1852,1
2679,1
1797,1
4285,1
2274,1
2933,1
122448,1
9950,1
2428,1
3104,1
33848,1
23376,1
1413,1
1907,1
1470,1
3129,1
6880,1
13162,1
3478,1
1352,1
1637,1
1564,1
8836,1
3829,1
802,1
4877,1
918,1
2462,1
5379,1
1450,1
1006,1
3128,1
2602,1
862,1
4644,1
4212,1
108278,1
4427,1
30361,1
2465,1
9463,1
2993,1
6896,1
1140,1
5442,1
3842,1
2652,1
7428,1
1989,1
12757,1
1674,1
1939,1
1414,1
3021,1
3023,1
9433,1
9200,1
5308,1
1841,1
4529,1
13318,1
58784,1
3730,1
2446,1
6590,1
4481,1
35320,1
2000,1
1106,1
1742,1
1539,1
13641,1
129554,1
4554,1
39318,1
2078,1
13285,1
4514,1
3973,1
8900,1
1184,1
1139,1
16401,1
2313,1
1249,1
18131,1
3381,1
2399,1
2726,1
4031,1
3982,1
2930,1
16522,1
85318,1
14605,1
4115,1
5776,1
1732,1
2246,1
9091,1
1288,1
6303,1
24328,1
6350,1
3479,1
1017,1
2048,1
1521,1
10371,1
21860,1
1262,1
21642,1
1659,1
11639,1
2986,1
2873,1
1714,1
1088,1
236333,1
9571,1
3406,1
19446,1
6324,1
2774,1
1111,1
6047,1
3508,1
15182,1
1581,1
3154,1
6916,1
4617,1
8983,1
25853,1
5176,1
2146,1
2595,1
3146,1
3745,1
1061,1
3711,1
2028,1
10522,1
1422,1
3772,1
1759,1
23218,1
17927,1
1901,1
4760,1
2716,1
1004,1
1133,1
3579,1
3298,1
10196,1
1500,1
1396,1
4455,1
24220,1
1780,1
9103,1
2211,1
4209,1
1220,1
1883,1
5285,1
4341,1
1985,1
2702,1
4741,1
1039,1
3458,1
68449,1
2269,1
143301,1
1494,1
35089,1
3289,1
1205,1
1656,1
4388,1
12575,1
2801,1
2431,1
2617,1
20702,1
1384,1
1243,1
1827,1
4476,1
33590,1
11875,1
1755,1
3212,1
2688,1
2644,1
2236,1
1394,1
972,1
1159,1
1851,1
3473,1
4735,1
6495,1
5331,1
1094,1
4641,1
9914,1
1904,1
2138,1
22315,1
1270,1
2032,1
2609,1
2156,1
35925,1
2361,1
5205,1
4320,1
3245,1
1442,1
4539,1
2804,1
4850,1
2800,1
37287,1
5061,1
5480,1
4103,1
2295,1
157998,1
28220,1
7361,1
1844,1
16055,1
49147,1
7323,1
21358,1
2692,1
1214,1
12378,1
117188,1
2218,1
3894,1
6490,1
35198,1
3750,1
7272,1
2576,1
86172,1
5229,1
