70,242
140,61
210,25
280,14
40,10
50,9
120,8
350,8
420,7
110,7
170,5
10,5
100,4
490,4
30,4
80,3
390,3
20,3
330,3
2400,2
1810,2
240,2
1860,2
220,2
910,2
840,2
780,2
130,2
290,2
250,2
620,2
980,2
883,1
320,1
5494,1
17650,1
1040,1
710,1
331,1
149,1
150,1
37954,1
1190,1
7626648,1
466,1
1342,1
576084,1
235,1
4290,1
1478,1
1284,1
71868,1
500,1
800,1
3326,1
217470,1
188,1
962,1
111241,1
810,1
8723,1
2260,1
14732,1
370,1
4416,1
460,1
42062,1
9118,1
950,1
3968,1
1408,1
750,1
27203,1
3509,1
1203,1
630,1
510,1
8460,1
680,1
20258,1
251,1
13930,1
6357,1
720,1
22215,1
57035,1
1530,1
22669,1
2172,1
7242,1
51,1
530,1
2291,1
1150,1
3430948,1
738,1
41,1
1090,1
1908,1
1650,1
990,1
4560,1
3150,1
5453,1
27232196,1
17056,1
293,1
730,1
222,1
48441,1
5671,1
41237,1
1368,1
436216,1
17777,1
1080,1
560,1
2960,1
2471,1
275,1
190,1
1917,1
16243,1
1599,1
1230,1
4892,1
300,1
5224,1
816647,1
733,1
177998,1
25512,1
24765,1
2780,1
568,1
1610,1
1675,1
920,1
10818,1
212,1
1905810,1
1383,1
1680,1
178,1
900,1
1083,1
6340,1
135,1
238,1
260,1
166,1
3220,1
152,1
4075,1
4365,1
4140,1
808,1
261,1
1892,1
1380,1
2988,1
60,1
458,1
340,1
1159,1
82950,1
15,1
1630,1
133,1
273935,1
663,1
700,1
1600,1
90,1
159,1
6859,1
61936,1
282,1
128814,1
10611,1
34351,1
1188847,1
200,1
1030,1
310,1
634,1
1500,1
38,1
812,1
9274,1
13867,1
150838,1
443,1
93723,1
1340,1
3392,1
289,1
4319,1
2021,1
29457,1
28,1
11669,1
770,1
3009,1
332650,1
12597,1
520,1
360,1
518,1
2630,1
6032,1
7195,1
8784,1
2262,1
