1,18317
2,9554
3,6073
4,4488
5,3416
6,2720
7,2248
8,1992
9,1692
10,1422
11,1331
12,1135
13,1052
14,968
15,916
16,827
17,763
18,734
19,667
20,631
21,586
22,575
24,520
25,478
23,477
26,461
27,451
28,430
30,385
29,377
31,367
32,336
33,331
34,322
35,311
36,311
37,266
39,265
38,262
40,257
42,247
45,233
41,231
44,222
47,220
43,213
50,203
46,202
49,195
48,182
52,180
54,176
57,174
55,172
51,168
53,165
59,162
56,162
58,151
60,147
64,140
66,140
70,138
67,138
63,137
61,135
62,135
69,133
68,129
65,129
76,128
72,119
81,118
73,118
71,118
85,116
74,114
86,111
78,104
75,103
79,103
83,101
95,100
77,100
90,99
102,99
82,98
88,97
84,97
87,96
89,95
91,93
109,89
94,87
96,86
97,85
107,84
106,81
103,81
115,76
92,76
101,76
125,75
98,74
80,74
110,73
104,71
93,70
122,69
113,69
108,69
111,68
100,67
117,67
112,63
123,63
126,62
114,61
134,61
99,60
119,60
140,59
118,59
121,59
138,59
130,59
105,59
120,58
116,57
131,57
127,56
135,54
124,54
144,52
157,52
153,51
136,51
133,51
141,51
132,51
143,50
129,49
168,49
128,48
147,47
166,46
156,46
137,46
167,46
149,46
165,45
152,45
164,45
150,44
145,44
142,44
176,43
155,43
148,42
159,42
154,42
170,41
162,40
187,40
146,40
169,40
161,39
211,39
158,38
197,38
151,38
172,38
179,38
175,38
173,37
195,36
185,36
177,36
234,35
174,35
181,35
198,35
202,35
190,34
178,34
139,34
213,34
183,34
182,34
196,34
210,34
171,33
248,32
207,32
252,32
160,32
180,31
208,31
215,31
199,31
258,31
241,31
163,30
200,30
203,30
256,30
216,29
217,29
236,29
184,29
194,28
249,28
189,27
230,27
204,27
317,27
261,27
219,27
193,27
260,27
206,27
188,27
315,26
226,26
251,26
214,26
277,26
186,26
259,25
191,25
240,25
221,25
227,24
222,24
278,24
245,24
218,24
250,23
192,23
238,23
283,23
265,23
262,23
325,23
220,23
276,22
229,22
290,22
289,22
270,22
286,22
304,22
209,22
205,22
237,22
233,22
309,22
246,21
235,21
212,21
296,21
269,21
224,21
228,21
310,20
247,20
341,20
257,20
284,20
329,20
287,20
271,20
266,20
299,20
225,20
201,19
371,19
302,19
365,19
319,19
254,19
294,19
298,18
275,18
272,18
239,18
418,18
263,18
293,18
340,18
255,18
274,18
311,17
308,17
297,17
242,17
453,17
353,17
285,17
282,17
349,17
360,17
466,17
243,17
253,17
280,17
305,17
383,17
312,16
344,16
386,16
326,16
313,16
223,16
362,16
328,16
232,16
398,16
351,16
288,16
358,16
314,16
327,16
415,16
323,16
352,16
335,15
447,15
336,15
377,15
357,15
369,15
355,15
295,15
291,15
337,15
279,15
342,15
380,15
373,15
376,15
322,15
363,15
316,15
332,15
306,15
345,15
364,14
244,14
281,14
393,14
343,14
413,14
449,14
307,14
446,14
321,14
301,14
423,14
426,14
318,14
339,14
545,13
389,13
356,13
267,13
568,13
503,13
370,13
375,13
374,13
396,13
457,13
511,13
419,13
593,13
387,13
231,13
320,13
469,13
422,13
354,13
465,13
491,13
382,13
273,13
300,13
427,13
292,13
399,13
381,13
534,12
268,12
467,12
350,12
470,12
417,12
368,12
694,12
443,12
378,12
429,12
434,12
444,12
460,12
359,12
483,12
508,12
404,12
395,12
486,12
331,12
264,12
391,11
445,11
403,11
439,11
366,11
760,11
499,11
560,11
472,11
405,11
519,11
346,11
575,11
409,11
461,11
630,11
504,11
456,11
738,11
550,11
347,11
414,11
487,11
481,11
506,11
421,11
471,11
392,11
620,10
372,10
509,10
569,10
721,10
438,10
695,10
523,10
475,10
610,10
621,10
558,10
384,10
412,10
394,10
669,10
420,10
462,10
601,10
408,10
361,10
526,10
348,10
435,10
407,10
482,10
330,10
532,10
529,10
480,9
450,9
493,9
699,9
674,9
666,9
428,9
433,9
436,9
402,9
513,9
473,9
440,9
489,9
401,9
388,9
608,9
494,9
807,9
505,9
367,9
720,9
678,9
458,9
411,9
686,9
477,9
516,9
657,9
492,9
385,9
652,9
432,9
478,9
324,9
638,9
333,9
452,8
338,8
650,8
397,8
595,8
612,8
930,8
859,8
490,8
591,8
496,8
303,8
430,8
525,8
697,8
455,8
821,8
454,8
642,8
603,8
895,8
619,8
531,8
484,8
613,8
585,8
656,8
538,8
769,8
713,8
622,8
774,8
479,8
563,8
400,8
536,8
535,8
664,8
672,8
768,8
554,8
565,8
606,8
517,8
1327,8
463,8
551,8
570,8
451,8
641,8
590,8
727,7
425,7
759,7
689,7
597,7
775,7
514,7
737,7
607,7
553,7
416,7
609,7
687,7
573,7
700,7
571,7
1176,7
515,7
1191,7
1003,7
753,7
826,7
690,7
498,7
495,7
488,7
459,7
577,7
555,7
1101,7
962,7
705,7
441,7
816,7
903,7
739,7
797,7
485,7
580,7
854,7
634,7
1535,7
424,7
670,7
955,7
583,7
476,7
770,7
334,7
668,7
755,7
431,7
635,7
691,7
581,7
540,7
611,7
552,7
559,7
762,7
537,6
1026,6
549,6
1015,6
533,6
643,6
894,6
578,6
589,6
562,6
868,6
1163,6
1132,6
902,6
707,6
1515,6
584,6
667,6
497,6
464,6
702,6
1044,6
711,6
1264,6
541,6
522,6
527,6
722,6
625,6
824,6
1028,6
708,6
704,6
834,6
546,6
1310,6
730,6
986,6
709,6
987,6
502,6
1103,6
813,6
865,6
1206,6
626,6
786,6
442,6
557,6
750,6
587,6
556,6
1208,6
874,6
646,6
714,6
644,6
676,6
617,6
510,6
661,6
756,6
645,6
806,6
500,6
748,6
885,6
675,6
567,6
665,6
883,6
640,6
958,6
896,6
539,6
1040,6
616,6
1031,6
512,6
991,6
953,6
927,6
776,6
961,6
1137,6
718,5
1088,5
870,5
906,5
771,5
1104,5
651,5
615,5
1198,5
754,5
798,5
698,5
810,5
743,5
1218,5
1111,5
812,5
528,5
716,5
1297,5
835,5
763,5
1115,5
648,5
911,5
1112,5
808,5
820,5
912,5
765,5
1788,5
913,5
783,5
887,5
921,5
790,5
723,5
980,5
1034,5
860,5
725,5
582,5
623,5
1870,5
468,5
801,5
867,5
815,5
671,5
767,5
840,5
1236,5
752,5
1283,5
649,5
712,5
659,5
814,5
886,5
1418,5
1171,5
1266,5
636,5
742,5
922,5
548,5
970,5
766,5
779,5
994,5
965,5
900,5
715,5
940,5
520,5
893,5
390,5
1102,5
1124,5
736,5
831,5
905,5
1366,5
904,5
576,5
979,5
733,5
935,5
660,5
1216,5
789,5
920,5
724,5
823,5
677,5
1460,5
729,5
745,5
1818,5
693,5
844,5
800,5
934,5
804,5
688,5
819,5
795,5
1144,4
1094,4
1074,4
410,4
792,4
631,4
680,4
685,4
1941,4
1093,4
2248,4
933,4
796,4
1069,4
1351,4
2297,4
627,4
1221,4
1317,4
842,4
1787,4
2534,4
566,4
717,4
923,4
764,4
1267,4
2503,4
1617,4
992,4
437,4
706,4
878,4
561,4
726,4
1290,4
3380,4
524,4
1078,4
2050,4
1126,4
1457,4
1926,4
1808,4
2509,4
474,4
990,4
639,4
1750,4
1002,4
655,4
605,4
1076,4
1294,4
787,4
1274,4
1258,4
1288,4
1439,4
1545,4
574,4
507,4
1318,4
728,4
1382,4
978,4
1263,4
740,4
1371,4
543,4
1851,4
2688,4
1159,4
637,4
1122,4
1008,4
598,4
1170,4
1089,4
1051,4
696,4
1219,4
1012,4
1422,4
1215,4
1173,4
773,4
880,4
1179,4
829,4
628,4
1498,4
599,4
1181,4
544,4
1344,4
547,4
1016,4
1754,4
945,4
777,4
2015,4
1097,4
521,4
518,4
662,4
1434,4
996,4
872,4
1909,4
901,4
1149,4
1120,4
780,4
997,4
1440,4
1204,4
1158,4
782,4
564,4
602,4
1740,4
701,4
1177,4
832,4
1802,4
968,4
658,4
618,4
2607,4
1059,4
1374,4
932,4
761,4
853,4
684,4
1203,4
1166,4
710,4
1445,4
624,4
406,4
1799,4
2308,4
1038,4
600,4
1013,4
654,4
2154,4
682,4
981,4
542,3
1470,3
1907,3
2886,3
1442,3
917,3
3073,3
1753,3
1408,3
1250,3
1518,3
747,3
1389,3
1029,3
2008,3
1377,3
6970,3
960,3
2084,3
2172,3
2281,3
856,3
1444,3
596,3
1195,3
1293,3
1260,3
1376,3
1559,3
604,3
1568,3
899,3
1095,3
2827,3
1030,3
1136,3
1257,3
969,3
1581,3
1543,3
784,3
1517,3
1421,3
1868,3
2042,3
2133,3
1889,3
803,3
629,3
1918,3
1121,3
788,3
1477,3
805,3
2638,3
811,3
2444,3
1739,3
1697,3
964,3
757,3
956,3
907,3
647,3
1539,3
1725,3
1080,3
1148,3
916,3
828,3
1803,3
952,3
891,3
1761,3
1923,3
1350,3
1301,3
2229,3
1528,3
703,3
632,3
1054,3
663,3
1277,3
2123,3
1482,3
1514,3
1426,3
1138,3
1339,3
1123,3
681,3
3001,3
837,3
1049,3
1595,3
2848,3
2273,3
2888,3
1180,3
1429,3
1669,3
1075,3
944,3
1388,3
1262,3
2048,3
1409,3
879,3
1201,3
1672,3
2264,3
1053,3
972,3
572,3
2280,3
1797,3
851,3
866,3
1146,3
1984,3
1082,3
2118,3
864,3
1109,3
1414,3
1046,3
2077,3
1108,3
1073,3
1256,3
719,3
3131,3
1493,3
1536,3
1490,3
1459,3
1383,3
2512,3
692,3
1286,3
825,3
2412,3
924,3
3642,3
1945,3
1639,3
966,3
1175,3
1202,3
1919,3
1023,3
448,3
948,3
785,3
1045,3
799,3
1989,3
1060,3
1342,3
1608,3
732,3
971,3
1325,3
877,3
809,3
2907,3
1935,3
1238,3
950,3
1278,3
836,3
3244,3
1364,3
1484,3
1671,3
794,3
957,3
988,3
995,3
379,3
1005,3
3198,3
3815,3
1751,3
6172,3
847,3
1313,3
1610,3
1489,3
1712,3
586,3
1135,3
1738,3
6252,3
2878,3
1272,3
1189,3
3783,3
1072,3
863,3
1227,3
2683,3
2422,3
781,3
758,3
1223,3
791,3
802,3
588,3
857,3
1298,3
1767,3
1006,3
2083,3
1303,3
1063,3
1476,3
1245,3
2612,3
530,3
1157,3
1152,3
673,3
1873,3
1400,3
1090,3
910,3
1096,3
2082,3
1113,3
1707,3
1427,3
1319,3
939,3
827,3
1468,3
1186,3
889,3
1899,3
734,3
1776,3
1110,3
850,3
1970,3
2124,3
746,3
1007,3
1011,3
683,3
1688,3
1577,3
4976,3
1155,3
3116,2
2105,2
2138,2
2627,2
1022,2
5898,2
2243,2
2327,2
2619,2
2063,2
5575,2
3137,2
3549,2
1287,2
592,2
2543,2
2305,2
3793,2
501,2
3207,2
1829,2
4146,2
679,2
1661,2
1491,2
3928,2
1169,2
1401,2
1352,2
1593,2
5408,2
869,2
1234,2
1399,2
954,2
1119,2
1185,2
1212,2
1969,2
3173,2
2703,2
2255,2
2760,2
1623,2
1570,2
959,2
1693,2
1513,2
1461,2
5848,2
1684,2
3157,2
2342,2
4192,2
4592,2
3436,2
1996,2
1385,2
985,2
1305,2
2260,2
4638,2
5531,2
1770,2
6609,2
3901,2
9064,2
2165,2
2701,2
1609,2
929,2
3314,2
1717,2
1741,2
2068,2
2408,2
4833,2
3690,2
1430,2
10834,2
1000,2
1066,2
741,2
1449,2
3616,2
1928,2
1381,2
975,2
2009,2
4202,2
1927,2
3104,2
1341,2
2578,2
1423,2
2349,2
1964,2
2182,2
3684,2
1579,2
1320,2
3843,2
4569,2
845,2
1813,2
3127,2
817,2
2600,2
4941,2
2109,2
1300,2
1541,2
1129,2
6661,2
1183,2
1503,2
3759,2
2584,2
1438,2
3281,2
1681,2
1380,2
4441,2
849,2
890,2
1130,2
1279,2
2783,2
1322,2
1867,2
1512,2
1950,2
1806,2
2874,2
2420,2
1616,2
1281,2
2001,2
1742,2
1975,2
1548,2
1405,2
1252,2
2185,2
1067,2
1061,2
915,2
1473,2
1574,2
1085,2
1695,2
1689,2
4098,2
1114,2
1783,2
5052,2
4258,2
2474,2
1125,2
2104,2
1780,2
2108,2
1396,2
1628,2
1575,2
1938,2
4081,2
1086,2
1646,2
1861,2
1160,2
1455,2
4084,2
1213,2
936,2
1728,2
2306,2
2585,2
1019,2
3993,2
931,2
908,2
2091,2
1139,2
1184,2
1976,2
2903,2
6457,2
1582,2
6414,2
2597,2
4363,2
4852,2
1840,2
1224,2
2246,2
1523,2
6190,2
2985,2
1393,2
11708,2
1035,2
2034,2
1913,2
2200,2
1971,2
1014,2
3730,2
1032,2
2375,2
1673,2
2673,2
2496,2
12801,2
1285,2
4229,2
1956,2
7762,2
1232,2
1436,2
3308,2
1849,2
2415,2
1307,2
2066,2
2749,2
1057,2
2129,2
1419,2
2659,2
2468,2
2058,2
4500,2
1404,2
1456,2
1228,2
1947,2
938,2
2570,2
1642,2
2087,2
2352,2
2236,2
1755,2
1748,2
2237,2
2096,2
3202,2
4285,2
2381,2
1576,2
1321,2
2880,2
841,2
2481,2
10743,2
5070,2
2247,2
1942,2
1311,2
1869,2
2686,2
2781,2
1921,2
3029,2
1253,2
861,2
3216,2
3813,2
1128,2
2112,2
1734,2
4576,2
2235,2
909,2
1024,2
1478,2
833,2
1100,2
1242,2
2668,2
4158,2
1448,2
778,2
1668,2
3111,2
2028,2
3179,2
5838,2
1680,2
848,2
1914,2
2811,2
1917,2
751,2
2159,2
1431,2
3455,2
1243,2
1384,2
1641,2
1821,2
2419,2
946,2
2099,2
1275,2
973,2
1978,2
2776,2
2046,2
4847,2
1624,2
2493,2
1282,2
6806,2
2017,2
1251,2
2424,2
1237,2
1233,2
2550,2
5042,2
1731,2
1778,2
1757,2
1312,2
2845,2
1373,2
3449,2
3804,2
2707,2
818,2
3724,2
2183,2
1454,2
2711,2
2376,2
928,2
5413,2
9646,2
2094,2
937,2
1674,2
5879,2
1056,2
5671,2
1397,2
2328,2
4828,2
1994,2
1786,2
2027,2
2160,2
1081,2
1859,2
1590,2
2957,2
4871,2
1147,2
1092,2
2692,2
2599,2
881,2
1724,2
1633,2
852,2
1785,2
3421,2
2006,2
1764,2
1501,2
5735,2
2773,2
1037,2
2288,2
1433,2
1087,2
1897,2
2261,2
1347,2
3669,2
2195,2
1337,2
1161,2
4252,2
5432,2
4662,2
2240,2
1629,2
1116,2
3501,2
989,2
1447,2
9242,2
926,2
4812,2
1331,2
1083,2
10714,2
2198,2
1743,2
3709,2
941,2
1631,2
3057,2
1745,2
1392,2
3932,2
2335,2
1259,2
1098,2
4850,2
3219,2
1027,2
1565,2
2893,2
2435,2
2463,2
1594,2
1077,2
3736,2
1589,2
1361,2
4646,2
1722,2
1811,2
884,2
5118,2
1316,2
2691,2
4597,2
1368,2
1225,2
1664,2
1058,2
579,2
2262,2
882,2
1042,2
1882,2
3691,2
2777,2
1552,2
1070,2
1662,2
2605,2
982,2
1890,2
2047,2
2093,2
7542,2
1020,2
594,2
1865,2
974,2
6777,2
2130,2
2137,2
3337,2
1837,2
1168,2
2407,2
1467,2
1511,2
1033,2
3972,2
1205,2
1105,2
2391,2
1974,2
999,2
918,2
1131,2
3829,2
2152,2
1450,2
3491,2
15552,2
1547,2
1497,2
2249,2
8813,2
793,2
862,2
3424,2
2457,2
744,2
897,2
1506,2
1062,2
4695,2
1915,2
5427,2
1338,2
2303,2
914,2
4392,2
2467,2
1050,2
1403,2
1972,2
1428,2
2919,2
1353,2
1505,2
9342,2
1527,2
1295,2
5615,2
749,2
1398,2
7306,2
1345,2
858,2
1041,2
1529,2
7618,2
2033,2
6478,2
1471,2
1329,2
2329,2
1823,2
1655,2
1522,2
5767,2
4908,2
1154,2
2575,2
1199,2
1988,2
1730,2
1415,2
1908,2
2998,2
2162,2
1174,2
1789,2
1632,2
2119,2
3468,2
3791,2
2149,2
876,2
1210,2
3717,2
1172,2
1047,2
3980,2
8799,2
1332,2
947,2
2914,2
1488,2
2813,2
2642,2
2629,2
1410,2
1627,2
2013,2
1866,2
1885,2
1678,2
1244,2
1354,2
8538,1
6791,1
58225,1
23210,1
1413,1
20303,1
1270,1
8700,1
2156,1
9047,1
1904,1
2988,1
7089,1
5637,1
3723,1
16072,1
4948,1
24193,1
11476,1
19873,1
3265,1
1708,1
4655,1
3305,1
36865,1
3100,1
5184,1
2905,1
8953,1
3371,1
1562,1
1953,1
4790,1
2293,1
16050,1
5802,1
7585,1
19212,1
13517,1
29274,1
3066,1
1659,1
898,1
18782,1
2873,1
1957,1
2986,1
1980,1
11639,1
1714,1
6293,1
6982,1
2538,1
1658,1
3385,1
28905,1
6787,1
26831,1
4080,1
12100,1
9388,1
3409,1
1334,1
3756,1
30920,1
7249,1
2238,1
49865,1
5980,1
11772,1
14580,1
2662,1
1588,1
1779,1
9128,1
2139,1
6046,1
7260,1
4260,1
4155,1
11263,1
62589,1
74602,1
1416,1
1830,1
5777,1
7196,1
8806,1
2343,1
1613,1
15483,1
9853,1
8373,1
2946,1
3633,1
7004,1
4881,1
38185,1
5055,1
4323,1
16585,1
2117,1
2690,1
27055,1
37566,1
7307,1
8676,1
2073,1
26356,1
4466,1
25233,1
9737,1
1614,1
4149,1
12628,1
2901,1
5351,1
10260,1
9736,1
3064,1
169197,1
2132,1
7244,1
3129,1
2411,1
15248,1
3254,1
9147,1
5470,1
6398,1
4111,1
2916,1
21824,1
2395,1
11415,1
9675,1
1699,1
1752,1
967,1
4945,1
1292,1
1709,1
4479,1
3136,1
3687,1
2558,1
24181,1
1930,1
4951,1
3671,1
1485,1
7524,1
3403,1
37613,1
4950,1
10641,1
3857,1
2758,1
9142,1
36132,1
1516,1
1531,1
18315,1
4501,1
11041,1
13433,1
25982,1
3407,1
3808,1
2113,1
1411,1
12738,1
7483,1
10052,1
26410,1
13684,1
5616,1
873,1
1676,1
7533,1
4532,1
7581,1
4984,1
18496,1
16458,1
4741,1
1039,1
2702,1
56247,1
38553,1
3299,1
4505,1
5995,1
3496,1
4745,1
7058,1
1985,1
2890,1
2269,1
6135,1
1883,1
19113,1
8244,1
1553,1
1246,1
25516,1
4918,1
5700,1
4317,1
23401,1
4122,1
4216,1
6818,1
2969,1
1065,1
6429,1
21743,1
6413,1
26554,1
2401,1
8596,1
5977,1
8723,1
3230,1
35118,1
6511,1
3025,1
2635,1
10442,1
3548,1
21428,1
96539,1
37093,1
5500,1
4650,1
1367,1
16479,1
2086,1
4372,1
32191,1
16419,1
21845,1
2915,1
10071,1
2637,1
3508,1
8369,1
19377,1
1835,1
15342,1
45253,1
3000,1
5119,1
19886,1
888,1
6553,1
4550,1
3059,1
7301,1
2323,1
58215,1
2870,1
1265,1
29679,1
20734,1
161676,1
2286,1
1944,1
47053,1
7217,1
9808,1
1794,1
8863,1
2010,1
1822,1
4805,1
871,1
25457,1
6454,1
2428,1
8325,1
53591,1
5981,1
1965,1
9041,1
2933,1
3389,1
1043,1
2055,1
1848,1
2274,1
1763,1
8889,1
11774,1
92077,1
28774,1
2553,1
3836,1
2741,1
2650,1
13755,1
6243,1
2664,1
2912,1
3266,1
3257,1
4917,1
5094,1
9241,1
74134,1
14151,1
4100,1
15020,1
5542,1
2389,1
3637,1
4002,1
4429,1
74131,1
4769,1
3837,1
1291,1
5092,1
2592,1
37420,1
1091,1
27641,1
12933,1
3054,1
2987,1
5363,1
5528,1
3366,1
1967,1
14091,1
3519,1
3964,1
4178,1
3410,1
33244,1
6830,1
12567,1
1598,1
2053,1
1796,1
3316,1
1621,1
6538,1
15978,1
2483,1
7767,1
3705,1
1701,1
6007,1
17501,1
46259,1
3536,1
43156,1
1605,1
5412,1
4845,1
4733,1
37682,1
45465,1
4928,1
6169,1
13794,1
13146,1
5293,1
2832,1
21834,1
88525,1
49455,1
4188,1
1309,1
2735,1
27768,1
17550,1
40539,1
2312,1
9317,1
2732,1
1968,1
3355,1
3591,1
1009,1
4015,1
75988,1
1230,1
8490,1
4355,1
7916,1
6836,1
4892,1
15599,1
977,1
2438,1
9943,1
27652,1
1615,1
2005,1
983,1
4998,1
7030,1
16862,1
6845,1
4250,1
2386,1
5263,1
1156,1
6954,1
9367,1
3303,1
4558,1
3373,1
1933,1
58926,1
10825,1
4233,1
5074,1
11877,1
4780,1
4012,1
15117,1
15810,1
9904,1
8661,1
4575,1
2938,1
10283,1
4841,1
3394,1
3950,1
1863,1
29554,1
8979,1
1892,1
4771,1
3164,1
52425,1
79603,1
4560,1
3103,1
8272,1
4697,1
2396,1
18873,1
3947,1
9148,1
1790,1
1446,1
20731,1
3564,1
2390,1
57923,1
15898,1
18629,1
1726,1
1877,1
31800,1
14608,1
3435,1
2060,1
1692,1
37987,1
5920,1
47612,1
4787,1
24781,1
14392,1
4565,1
2675,1
17935,1
11526,1
9074,1
40049,1
2970,1
24720,1
2958,1
3493,1
6053,1
3013,1
838,1
6840,1
5602,1
1744,1
18395,1
2064,1
1239,1
49894,1
18009,1
3047,1
3761,1
25307,1
3241,1
6541,1
5504,1
4858,1
1417,1
18849,1
8428,1
10012,1
1749,1
24838,1
14117,1
16597,1
8484,1
2529,1
38878,1
22429,1
47877,1
1677,1
20532,1
7279,1
23492,1
15097,1
5712,1
22728,1
5711,1
1698,1
1164,1
1106,1
7480,1
2000,1
1834,1
173339,1
9921,1
1247,1
14575,1
11073,1
11366,1
68559,1
675066,1
8553,1
1650,1
7264,1
20085,1
10157763,1
42264,1
2606,1
4902,1
30583,1
4340,1
5189,1
4495,1
3353,1
8111,1
2835,1
1645,1
26801,1
2603,1
3745,1
4605,1
11153,1
5506,1
2991,1
12528,1
5176,1
31590,1
1831,1
3569,1
8712,1
3794,1
3877,1
3460,1
9819,1
1395,1
18532,1
1721,1
13709,1
3122,1
5373,1
3108,1
1716,1
12536,1
8854,1
4359,1
2935,1
14439,1
2051,1
1273,1
170422,1
46703,1
1801,1
36195,1
14899,1
2471,1
4631,1
2433,1
10300,1
3014,1
2620,1
4886,1
2211,1
2372,1
10822,1
1220,1
83019,1
4338,1
3367,1
1791,1
2636,1
11853,1
11664,1
2523,1
2019,1
43065,1
6655,1
25964,1
3654,1
5071,1
37462,1
4861,1
3321,1
10775,1
2719,1
15985,1
4616,1
6028,1
14812,1
12632,1
9243,1
5714,1
115139,1
41080,1
4817,1
7744,1
10238,1
1437,1
4294,1
134940,1
4637,1
153326,1
15144,1
3043,1
4176,1
17657,1
25311,1
3539,1
1607,1
3343,1
2571,1
2656,1
33665,1
5337,1
4642,1
4577,1
1466,1
2102,1
2858,1
4003,1
1961,1
6520,1
7263,1
9213,1
14553,1
1229,1
40106,1
7443,1
1502,1
18464,1
15075,1
8565,1
6275,1
6677,1
4943,1
5573,1
11314,1
3375,1
875,1
5365,1
4589,1
4037,1
7733,1
10801,1
2078,1
4219,1
3893,1
15932,1
3438,1
83819,1
3907,1
1839,1
7506,1
12512,1
1495,1
2479,1
10222,1
1880,1
7948,1
3679,1
653,1
1192,1
5546,1
22604,1
6247,1
3514,1
1902,1
1960,1
3195,1
15710,1
4318,1
2346,1
2555,1
3778,1
3060,1
2699,1
1838,1
19181,1
2228,1
6638,1
3113,1
1774,1
6663,1
4612,1
6395,1
7086,1
1630,1
43264,1
5474,1
7091,1
7700,1
13206,1
4126,1
7546,1
3061,1
2173,1
8101,1
9618,1
1360,1
3800,1
2941,1
11270,1
25831,1
1929,1
28707,1
4774,1
6868,1
26065,1
35437,1
2213,1
9920,1
1603,1
4767,1
949,1
1819,1
2348,1
5260,1
1850,1
3812,1
1891,1
2839,1
29126,1
2106,1
17165,1
47852,1
11963,1
7001,1
3566,1
32631,1
9825,1
2037,1
12727,1
51388,1
18593,1
5303,1
205886,1
2564,1
1209,1
10286,1
1557,1
8624,1
12051,1
7529,1
6381,1
6515,1
2450,1
2750,1
26342,1
6899,1
1705,1
6340,1
2500,1
5362,1
4181,1
3890,1
28857,1
1375,1
4851,1
3056,1
3825,1
119078,1
2889,1
2574,1
12103,1
11032,1
4968,1
6097,1
14612,1
13318,1
1634,1
4444,1
12542,1
3801,1
3597,1
34087,1
4148,1
19472,1
101926,1
2201,1
22256,1
44818,1
8689,1
8734,1
15837,1
12966,1
13361,1
11504,1
7169,1
5121,1
4427,1
6039,1
7396,1
10356,1
10765,1
4169,1
3505,1
1943,1
2465,1
6427,1
3755,1
26936,1
8165,1
7930,1
10862,1
5676,1
5744,1
3638,1
6163,1
7189,1
6731,1
21919,1
4614,1
19086,1
22815,1
963,1
2192,1
6192,1
2798,1
1710,1
3513,1
29870,1
1934,1
5961,1
61379,1
3942,1
2101,1
5992,1
3232,1
8769,1
102922,1
6883,1
7873,1
5689,1
11081,1
2268,1
33616,1
4808,1
5469,1
9544,1
31321,1
16402,1
3234,1
2296,1
1151,1
8184,1
2820,1
10961,1
3935,1
18340,1
1894,1
6751,1
5571,1
6463,1
13330,1
4599,1
16680,1
2714,1
26358,1
1987,1
42971,1
9487,1
1328,1
1762,1
37896,1
7120,1
11948,1
5629,1
18491,1
3923,1
3479,1
2697,1
10812,1
8589,1
4876,1
1017,1
16390,1
12339,1
4008,1
3315,1
40891,1
6866,1
1001,1
2029,1
4979,1
8822,1
4443,1
7766,1
1018,1
8168,1
2222,1
77367,1
2449,1
1556,1
6158,1
2464,1
4400,1
735,1
2299,1
19455,1
7321,1
12245,1
17514,1
3283,1
2805,1
6156,1
13068,1
1145,1
36399,1
14543,1
7121,1
2184,1
17061,1
5148,1
2517,1
18331,1
4048,1
13271,1
36819,1
1296,1
2746,1
3277,1
2482,1
34117,1
2952,1
26863,1
4598,1
13860,1
3185,1
4061,1
15881,1
855,1
3212,1
4862,1
11875,1
14936,1
3194,1
4735,1
182871,1
7415,1
10840,1
1394,1
3176,1
11651,1
21934,1
4431,1
10596,1
23579,1
3078,1
4121,1
2447,1
3981,1
2633,1
4885,1
5858,1
4930,1
1276,1
3071,1
2721,1
4450,1
6048,1
2770,1
8663,1
5772,1
5972,1
5580,1
7625,1
32265,1
9704,1
15791,1
3882,1
1358,1
10150,1
9834,1
2560,1
2318,1
7899,1
5257,1
22294,1
1524,1
4502,1
26945,1
6257,1
1153,1
1271,1
14949,1
1691,1
3899,1
3488,1
2325,1
3499,1
10203,1
5851,1
2031,1
8947,1
2936,1
8645,1
4931,1
3222,1
22136,1
9482,1
2902,1
13168,1
14629,1
1356,1
1194,1
2956,1
11453,1
5065,1
14690,1
4062,1
3538,1
14472,1
2356,1
6784,1
2285,1
27590,1
2472,1
3768,1
4711,1
4070,1
3313,1
13217,1
4119,1
2425,1
17760,1
11910,1
2507,1
23230,1
2689,1
6014,1
3273,1
7256,1
1197,1
6517,1
91570,1
3467,1
23543,1
7003,1
5382,1
32192,1
6615,1
50226,1
26103,1
23271,1
1841,1
4099,1
2614,1
5729,1
2881,1
4108,1
3296,1
9114,1
14124,1
22350,1
5126,1
10382,1
2244,1
2088,1
6565,1
35648,1
5317,1
2567,1
8621,1
3809,1
6876,1
11882,1
4750,1
11039,1
7395,1
7271,1
1550,1
4574,1
3312,1
4231,1
1134,1
4376,1
2544,1
1231,1
1643,1
4873,1
11554,1
6851,1
37575,1
3885,1
5397,1
2484,1
26799,1
11562,1
93582,1
3239,1
17682,1
2971,1
5045,1
4275,1
3617,1
2212,1
2404,1
5455,1
1025,1
1549,1
6378,1
2470,1
7142,1
7448,1
18966,1
1240,1
8412,1
3390,1
4677,1
3038,1
11942,1
8235,1
8618,1
6222,1
1729,1
9850,1
23539,1
1284,1
2231,1
3780,1
25317,1
1622,1
1855,1
7349,1
13719,1
5390,1
14038,1
64043,1
3776,1
9223,1
6772,1
10936,1
7841,1
2186,1
13908,1
13229,1
1520,1
4456,1
2740,1
8265,1
74914,1
28182,1
3052,1
33294,1
3249,1
3674,1
8233,1
1533,1
2254,1
3673,1
2569,1
3748,1
24018,1
1402,1
5227,1
10147,1
3416,1
9438,1
14699,1
4915,1
4027,1
8005,1
5683,1
4303,1
17281,1
1759,1
1525,1
4888,1
10553,1
2340,1
8831,1
9313,1
13592,1
1563,1
4004,1
6534,1
226560,1
2103,1
2521,1
5077,1
3325,1
4077,1
4173,1
20805,1
4123,1
2233,1
19911,1
2801,1
5144,1
10364,1
3749,1
1268,1
2431,1
2885,1
4286,1
5921,1
53274,1
3646,1
10215,1
2579,1
14382,1
1324,1
3708,1
1462,1
4043,1
4907,1
15448,1
8932,1
5979,1
22878,1
6530,1
1612,1
4434,1
1775,1
4693,1
7157,1
2397,1
52715,1
12175,1
16373,1
3246,1
1504,1
2765,1
1690,1
1936,1
3120,1
21482,1
4191,1
6885,1
2371,1
8509,1
8148,1
5130,1
5146,1
48756,1
17274,1
7551,1
1222,1
12671,1
27510,1
6295,1
8131,1
7170,1
46853,1
3559,1
15598,1
4397,1
11328,1
5013,1
8550,1
6202,1
3507,1
1452,1
1021,1
3858,1
3463,1
1805,1
2026,1
7828,1
5792,1
6205,1
6828,1
8906,1
2110,1
1472,1
3275,1
2787,1
1826,1
21039,1
2742,1
2478,1
32575,1
8229,1
26614,1
2622,1
24875,1
12720,1
8414,1
22270,1
2402,1
2519,1
2380,1
3952,1
2779,1
19379,1
84624,1
7508,1
39894,1
3622,1
7963,1
14032,1
1475,1
14552,1
19926,1
1647,1
1696,1
8862,1
7802,1
1340,1
9590,1
5354,1
25319,1
68945,1
846,1
12061,1
6365,1
11719,1
100535,1
9572,1
8576,1
8958,1
22524,1
2147,1
158175,1
18399,1
2357,1
3049,1
2369,1
11423,1
8199,1
8317,1
4674,1
3933,1
3811,1
13221,1
1474,1
6032,1
5755,1
8402,1
19615,1
2852,1
43210,1
9461,1
1713,1
7428,1
6001,1
4874,1
44776,1
2284,1
50349,1
6282,1
8270,1
5411,1
1792,1
11076,1
2065,1
976,1
1618,1
8459,1
5369,1
2786,1
16681,1
1453,1
5125,1
4166,1
8273,1
6485,1
2647,1
1346,1
6421,1
36707,1
41662,1
4213,1
8726,1
70510,1
9451,1
2565,1
6871,1
22296,1
614,1
1464,1
4364,1
943,1
3003,1
5163,1
4094,1
1912,1
25995,1
6383,1
3510,1
20338,1
9972,1
7090,1
3118,1
3735,1
27079,1
22420,1
2816,1
263446,1
4130,1
4452,1
2843,1
9711,1
1369,1
7548,1
1611,1
2576,1
1214,1
2121,1
4255,1
2753,1
2859,1
11384,1
3750,1
8626,1
8655,1
7323,1
3894,1
2218,1
4822,1
4087,1
40034,1
2187,1
2311,1
9673,1
10322,1
1906,1
2729,1
5460,1
4343,1
10011,1
6529,1
68731,1
1795,1
4547,1
1737,1
32520,1
3535,1
24183,1
2090,1
1558,1
4622,1
1876,1
3178,1
64832,1
40929,1
2294,1
96905,1
3175,1
6566,1
1924,1
39515,1
3067,1
33313,1
19708,1
3476,1
16667,1
5170,1
14723,1
33368,1
5299,1
5237,1
3474,1
6855,1
4357,1
1330,1
1048,1
2059,1
7200,1
5256,1
3225,1
18036,1
4843,1
6449,1
8541,1
2993,1
2128,1
25272,1
2756,1
9855,1
1349,1
4404,1
7435,1
115958,1
2631,1
3333,1
4398,1
1916,1
4571,1
6195,1
731,1
7523,1
3141,1
13967,1
6011,1
5248,1
3369,1
2964,1
10832,1
2265,1
1998,1
14697,1
1335,1
3712,1
3040,1
4520,1
1966,1
13523,1
9543,1
2344,1
2696,1
1727,1
7975,1
19070,1
10986,1
19380,1
16768,1
5264,1
11987,1
4410,1
2180,1
23184,1
2665,1
1782,1
2857,1
1217,1
4256,1
18546,1
7077,1
1280,1
30247,1
6183,1
11582,1
15799,1
8360,1
8539,1
10114,1
8795,1
1884,1
88598,1
3247,1
7669,1
38195,1
1363,1
9361,1
6347,1
14104,1
15128,1
2582,1
3498,1
2383,1
10006,1
4944,1
17282,1
1977,1
4458,1
1254,1
11919,1
3892,1
6267,1
3039,1
5124,1
2206,1
21166,1
35674,1
1432,1
8759,1
5822,1
6533,1
3822,1
16251,1
1348,1
3726,1
3182,1
12944,1
3169,1
3522,1
2533,1
5335,1
5198,1
2226,1
5781,1
7204,1
1207,1
4754,1
8796,1
14687,1
4715,1
1773,1
2362,1
2795,1
4226,1
3376,1
2475,1
16824,1
12291,1
12554,1
4765,1
5923,1
4540,1
2804,1
1587,1
11536,1
9772,1
12817,1
1843,1
3278,1
1719,1
8522,1
16887,1
6524,1
1635,1
1315,1
3573,1
7262,1
3063,1
27416,1
13542,1
1706,1
5478,1
3925,1
14785,1
2178,1
19154,1
3992,1
2157,1
11204,1
2486,1
1958,1
3640,1
4905,1
17871,1
5339,1
4489,1
5776,1
7865,1
2651,1
3347,1
24027,1
4419,1
2677,1
6194,1
1653,1
4721,1
6748,1
1379,1
2144,1
6657,1
2145,1
11908,1
8989,1
8499,1
6337,1
3457,1
1991,1
19048,1
25464,1
3879,1
129757,1
6821,1
16973,1
6927,1
1306,1
1546,1
3292,1
3948,1
14635,1
10135,1
65306,1
37973,1
2067,1
13511,1
8067,1
13013,1
9191,1
5200,1
6041,1
2718,1
2515,1
8727,1
3864,1
2045,1
1378,1
2911,1
12186,1
88818,1
1289,1
14314,1
1583,1
4221,1
7458,1
2876,1
2079,1
1071,1
2628,1
1875,1
18748,1
2062,1
12761,1
61693,1
2334,1
2384,1
1323,1
13047,1
843,1
5908,1
16514,1
1592,1
5463,1
6241,1
22149,1
35618,1
27182,1
6750,1
4321,1
12659,1
3728,1
2525,1
9465,1
3262,1
1355,1
3475,1
1798,1
21102,1
3087,1
5428,1
2539,1
12351,1
2588,1
28361,1
2990,1
6239,1
3181,1
2510,1
8821,1
5623,1
5414,1
6755,1
2494,1
37617,1
4106,1
3190,1
16406,1
6082,1
16029,1
4282,1
6216,1
3608,1
6611,1
6746,1
40704,1
3005,1
3094,1
17883,1
6042,1
13540,1
2291,1
1862,1
3733,1
3886,1
1150,1
6066,1
9852,1
1599,1
4300,1
2400,1
2672,1
8777,1
14043,1
2364,1
9156,1
7139,1
35250,1
2175,1
5009,1
18837,1
1600,1
2188,1
12843,1
6291,1
2655,1
8510,1
5837,1
13737,1
2301,1
22897,1
13419,1
1479,1
8616,1
7219,1
9893,1
23465,1
4627,1
2251,1
2809,1
2120,1
13900,1
919,1
3900,1
3663,1
3242,1
4365,1
4276,1
5516,1
10526,1
5327,1
4832,1
2823,1
2075,1
2863,1
8380,1
4201,1
37612,1
12653,1
8724,1
5280,1
4112,1
2024,1
2100,1
1900,1
2613,1
4162,1
4200,1
6673,1
3938,1
9631,1
48399,1
1451,1
6788,1
3540,1
2771,1
2469,1
2208,1
3075,1
33242,1
4183,1
12553,1
21788,1
9149,1
11847,1
12484,1
1554,1
4009,1
84792,1
3527,1
27484,1
2081,1
1509,1
6672,1
2217,1
9826,1
4022,1
2122,1
7495,1
4849,1
1649,1
20832,1
7438,1
2166,1
5080,1
3989,1
6441,1
351884,1
1420,1
10848,1
18514,1
3731,1
3099,1
4633,1
4579,1
8089,1
1386,1
1825,1
11210,1
4786,1
57008,1
3346,1
4581,1
3763,1
67147,1
4438,1
1784,1
3214,1
5002,1
1178,1
3354,1
3007,1
2645,1
12147,1
5982,1
19164,1
13886,1
8599,1
7580,1
8351,1
2937,1
1004,1
1901,1
3872,1
15643,1
1494,1
2542,1
1854,1
1656,1
3096,1
4388,1
9302,1
3289,1
7431,1
1735,1
3978,1
27834,1
5312,1
5233,1
1932,1
20096,1
8154,1
17163,1
2462,1
4809,1
5128,1
3924,1
13005,1
10236,1
2326,1
10992,1
1564,1
25361,1
12863,1
2341,1
36442,1
11700,1
2278,1
1983,1
22345,1
11222,1
3484,1
2549,1
27263,1
5025,1
7819,1
13859,1
2292,1
7846,1
2272,1
1226,1
5307,1
6283,1
42647,1
2127,1
4609,1
2892,1
3706,1
4351,1
6209,1
5704,1
5423,1
3186,1
4615,1
5419,1
23641,1
5314,1
9441,1
2448,1
6440,1
4265,1
2365,1
2705,1
5403,1
4053,1
3174,1
2429,1
14164,1
7266,1
1675,1
2302,1
2532,1
1585,1
121911,1
1261,1
3702,1
12902,1
9078,1
2640,1
16870,1
1143,1
7821,1
6118,1
2202,1
7667,1
4665,1
3448,1
11441,1
1241,1
3930,1
60907,1
38929,1
2535,1
5396,1
10624,1
1211,1
1711,1
4478,1
10287,1
2378,1
2317,1
1973,1
3028,1
9471,1
8085,1
7779,1
34856,1
4596,1
6366,1
1578,1
6979,1
4190,1
1182,1
4261,1
6117,1
11667,1
4482,1
13829,1
4923,1
26229,1
2828,1
7226,1
17207,1
11830,1
3125,1
26402,1
7576,1
2473,1
2439,1
7394,1
2085,1
14027,1
9258,1
8535,1
2353,1
14692,1
3352,1
28845,1
4559,1
1979,1
2611,1
2720,1
3489,1
4636,1
1760,1
7372,1
186830,1
17204,1
1187,1
16217,1
26286,1
7288,1
2559,1
1314,1
2405,1
6532,1
2205,1
30638,1
3544,1
8408,1
2669,1
2004,1
246622,1
5016,1
1465,1
3785,1
3083,1
5907,1
1372,1
2359,1
3429,1
5813,1
7412,1
4045,1
13750,1
1758,1
4468,1
9141,1
19294,1
25453,1
12382,1
5031,1
3311,1
3362,1
2476,1
1540,1
16285,1
11894,1
2158,1
6471,1
4139,1
12533,1
2929,1
1687,1
3865,1
31622,1
1200,1
34775,1
15395,1
3102,1
18094,1
5957,1
830,1
72088,1
5479,1
2393,1
5348,1
2618,1
2330,1
18813,1
6084,1
8214,1
4071,1
12377,1
1982,1
1619,1
45151,1
1903,1
16236,1
772,1
8105,1
3875,1
3109,1
2829,1
38549,1
2069,1
1458,1
8945,1
11214,1
21586,1
3696,1
3612,1
2700,1
3787,1
2684,1
2116,1
4288,1
6715,1
2314,1
1768,1
11316,1
1591,1
2014,1
6486,1
4563,1
998,1
1567,1
3752,1
4513,1
2227,1
3823,1
1694,1
11025,1
4358,1
35579,1
10674,1
13347,1
9226,1
29330,1
4463,1
6730,1
18102,1
2080,1
10603,1
5444,1
17870,1
4273,1
8282,1
3660,1
1895,1
1949,1
4278,1
2710,1
4020,1
3878,1
4608,1
172345,1
3339,1
1816,1
4159,1
1064,1
5866,1
24637,1
5187,1
38184,1
7254,1
15594,1
1302,1
3201,1
39883,1
2841,1
4933,1
2072,1
3477,1
1412,1
3635,1
5377,1
22139,1
4089,1
2115,1
993,1
2973,1
5088,1
11709,1
2131,1
5266,1
1736,1
8451,1
20005,1
18582,1
2547,1
8949,1
3250,1
3089,1
3211,1
2624,1
1079,1
1068,1
5357,1
4416,1
3701,1
24662,1
8138,1
5698,1
3006,1
4972,1
8349,1
14984,1
5476,1
14479,1
7095,1
1561,1
3782,1
1657,1
23710,1
8545,1
3229,1
11226,1
15696,1
3908,1
14995,1
7399,1
5199,1
38062,1
46143,1
1486,1
17109,1
1117,1
5116,1
1555,1
6078,1
41931,1
15952,1
95143,1
3454,1
2674,1
37236,1
5621,1
4737,1
3651,1
1308,1
7763,1
11361,1
11905,1
2632,1
16365,1
5836,1
3016,1
3147,1
5267,1
4645,1
1084,1
2061,1
6666,1
56340,1
18001,1
6346,1
3256,1
3666,1
10869,1
1856,1
7114,1
5560,1
