7,7
2,4
11,3
4,3
12,3
1,2
8,2
31,2
45,2
24,2
9739,1
175873,1
6,1
305629,1
49407,1
1427860,1
34,1
184,1
264,1
50229,1
3478,1
25,1
27634,1
20172858,1
591,1
499,1
39,1
2765,1
36696,1
730,1
85906,1
6557407,1
190,1
408,1
22211,1
17,1
942944,1
412,1
35,1
5164,1
129807,1
5522,1
82733,1
451,1
90,1
315,1
15,1
1432012,1
80,1
40262,1
8322,1
312484,1
16,1
62552,1
77470,1
166,1
3674247,1
58,1
1814255,1
9,1
18021,1
1347346,1
102,1
20914,1
169,1
42135,1
135656,1
3716,1
13,1
135,1
1416380,1
106,1
221,1
4976914,1
681,1
14,1
108,1
296362,1
5176,1
17055,1
16133,1
1184,1
63,1
15016,1
6541,1
