1,119
2,88
4,63
3,58
5,54
18,45
8,45
11,43
19,42
6,41
7,40
14,40
10,40
9,40
21,36
15,35
42,33
17,32
60,31
46,30
36,29
26,28
28,28
31,28
49,27
13,27
16,26
12,26
33,26
37,26
22,26
25,25
23,25
27,24
74,24
29,23
106,23
101,23
24,23
65,22
41,22
45,22
30,22
51,21
71,21
35,21
47,21
38,21
52,21
50,21
59,20
92,20
63,20
34,20
81,20
58,20
67,20
77,19
108,19
44,19
40,19
43,19
137,19
20,19
115,18
111,18
48,18
83,18
176,17
123,17
80,17
53,17
82,17
79,17
125,16
158,16
218,16
39,16
87,16
225,16
94,16
103,16
112,16
86,16
122,15
143,15
110,15
72,15
75,15
78,15
220,15
54,15
89,15
66,15
157,15
353,15
61,15
55,15
64,14
56,14
98,14
57,14
116,14
32,14
107,14
73,14
102,14
154,14
385,14
70,14
231,14
140,13
250,13
96,13
91,13
190,13
118,13
69,13
68,13
195,13
286,13
216,13
142,13
84,13
177,13
198,13
100,12
242,12
439,12
223,12
88,12
279,12
179,12
148,12
258,12
419,12
169,12
97,12
120,12
141,12
422,12
159,12
209,12
76,12
149,12
253,12
119,12
121,12
299,12
182,12
62,12
117,12
95,11
247,11
187,11
197,11
234,11
164,11
132,11
232,11
160,11
93,11
466,11
180,11
215,11
145,11
126,11
224,11
124,11
168,11
90,11
139,11
233,11
155,11
331,11
153,10
129,10
163,10
427,10
191,10
558,10
333,10
152,10
313,10
161,10
193,10
392,10
136,10
104,10
150,10
576,10
367,10
259,10
488,10
146,10
206,10
133,10
314,10
359,10
401,10
151,10
292,10
238,10
265,10
114,10
526,10
236,10
415,10
105,10
156,10
404,10
241,10
217,10
300,10
109,10
227,9
130,9
338,9
369,9
289,9
493,9
328,9
561,9
275,9
128,9
443,9
184,9
239,9
341,9
295,9
200,9
165,9
566,9
270,9
85,9
513,9
251,9
204,9
214,9
306,9
245,9
816,9
202,9
500,9
235,9
813,9
273,9
264,9
178,9
434,9
174,9
113,9
664,9
334,9
595,8
281,8
244,8
267,8
310,8
497,8
185,8
261,8
222,8
166,8
342,8
575,8
765,8
219,8
208,8
463,8
489,8
278,8
441,8
448,8
472,8
665,8
134,8
138,8
682,8
228,8
266,8
420,8
199,8
477,8
505,8
288,8
1180,8
571,8
135,8
457,8
421,8
276,8
318,8
395,8
301,8
186,8
567,8
305,8
492,8
322,8
294,8
99,8
617,8
640,8
410,7
977,7
726,7
760,7
162,7
612,7
403,7
716,7
514,7
308,7
339,7
621,7
790,7
337,7
213,7
192,7
317,7
464,7
297,7
349,7
711,7
655,7
309,7
201,7
293,7
272,7
332,7
625,7
127,7
774,7
442,7
366,7
484,7
188,7
207,7
252,7
647,7
351,7
692,7
649,7
462,7
304,7
383,7
316,7
554,7
586,7
254,7
325,7
465,7
518,7
269,7
256,7
175,7
426,7
340,7
212,7
203,7
211,7
287,7
847,7
1077,7
131,7
361,7
411,7
147,7
530,7
390,7
284,7
479,7
654,7
268,6
372,6
792,6
171,6
230,6
391,6
397,6
196,6
312,6
189,6
450,6
326,6
229,6
817,6
226,6
490,6
356,6
413,6
455,6
336,6
1039,6
344,6
437,6
311,6
357,6
627,6
629,6
499,6
1380,6
315,6
1648,6
468,6
815,6
515,6
623,6
966,6
405,6
248,6
384,6
257,6
551,6
345,6
705,6
2797,6
538,6
1284,6
719,6
144,6
394,6
531,6
302,6
399,6
1199,6
883,6
504,6
637,6
346,6
327,6
321,6
382,6
482,6
981,6
352,6
323,6
285,6
1616,6
924,6
221,6
194,6
585,6
577,6
708,6
795,6
1842,6
926,6
296,6
789,6
407,6
363,6
181,6
624,6
262,6
1055,6
656,6
378,6
170,6
456,6
458,6
958,6
376,6
246,6
548,6
460,6
491,6
433,6
539,6
1352,6
1058,6
908,6
240,6
237,6
782,6
544,6
1912,6
280,6
1062,6
616,6
451,6
444,6
937,6
718,5
589,5
562,5
906,5
992,5
389,5
1088,5
549,5
1408,5
727,5
298,5
1069,5
386,5
932,5
487,5
975,5
784,5
1341,5
983,5
677,5
934,5
418,5
573,5
370,5
890,5
496,5
1043,5
788,5
416,5
532,5
632,5
375,5
475,5
402,5
1320,5
283,5
867,5
828,5
1194,5
360,5
1288,5
949,5
374,5
574,5
438,5
552,5
1844,5
412,5
417,5
1237,5
659,5
669,5
350,5
255,5
329,5
1590,5
864,5
1170,5
866,5
546,5
556,5
478,5
618,5
785,5
559,5
1384,5
786,5
282,5
1275,5
1988,5
529,5
997,5
882,5
173,5
446,5
459,5
634,5
249,5
1033,5
776,5
1142,5
725,5
481,5
521,5
881,5
547,5
570,5
1238,5
678,5
714,5
646,5
581,5
537,5
205,5
210,5
303,5
900,5
797,5
1138,5
1306,5
520,5
657,5
733,5
613,5
319,5
1226,5
362,5
1120,5
3190,5
167,5
396,5
1223,5
583,5
564,5
602,5
1547,5
904,5
373,5
414,5
512,5
1619,5
494,5
358,5
1525,5
1133,5
630,5
676,5
483,5
620,4
1617,4
533,4
1015,4
959,4
486,4
777,4
1005,4
940,4
445,4
964,4
1677,4
1950,4
1270,4
1000,4
915,4
377,4
743,4
698,4
615,4
869,4
2248,4
2044,4
591,4
1221,4
810,4
653,4
1264,4
440,4
1195,4
1877,4
1692,4
667,4
845,4
868,4
1030,4
2428,4
706,4
902,4
343,4
911,4
1112,4
524,4
1078,4
365,4
858,4
1076,4
4348,4
952,4
398,4
1061,4
957,4
1254,4
1111,4
633,4
1409,4
260,4
735,4
1638,4
1388,4
1151,4
368,4
853,4
962,4
986,4
1595,4
436,4
1955,4
683,4
807,4
778,4
1175,4
707,4
666,4
1024,4
449,4
972,4
609,4
320,4
767,4
598,4
1869,4
498,4
511,4
671,4
694,4
750,4
380,4
593,4
818,4
2310,4
2000,4
723,4
408,4
2787,4
271,4
755,4
517,4
1134,4
1051,4
626,4
1087,4
423,4
1296,4
1236,4
1751,4
1565,4
307,4
1467,4
895,4
819,4
744,4
431,4
1372,4
843,4
183,4
502,4
2205,4
761,4
1342,4
661,4
690,4
1276,4
709,4
1147,4
739,4
909,4
1025,4
1283,4
702,4
1810,4
675,4
509,4
348,4
501,4
364,4
1231,4
1045,4
2265,4
587,4
628,4
590,4
768,4
1271,4
903,4
507,4
371,4
1339,4
1189,4
508,4
1096,4
1113,4
1398,4
991,4
565,4
606,4
2303,4
553,4
1359,4
594,4
1040,4
759,4
1580,4
780,4
1042,4
802,4
476,4
1131,4
1006,4
770,4
1839,4
1139,4
1262,4
672,4
330,4
1245,4
1468,4
291,4
848,4
781,4
1178,4
799,4
387,4
885,4
1246,3
2799,3
1470,3
1144,3
480,3
528,3
1659,3
1152,3
679,3
754,3
856,3
447,3
933,3
796,3
1392,3
995,3
2190,3
1029,3
680,3
425,3
1193,3
2453,3
3764,3
1094,3
545,3
894,3
650,3
1485,3
1212,3
453,3
741,3
871,3
859,3
1257,3
1787,3
2413,3
1883,3
689,3
1091,3
1703,3
290,3
930,3
1065,3
1305,3
1010,3
3199,3
541,3
1156,3
2290,3
1300,3
703,3
704,3
1976,3
921,3
578,3
849,3
1446,3
1279,3
1115,3
1297,3
393,3
1686,3
4078,3
2454,3
737,3
1574,3
907,3
4258,3
1085,3
1689,3
838,3
697,3
2471,3
1125,3
639,3
1725,3
1248,3
1191,3
1429,3
1054,3
2019,3
1791,3
6330,3
1938,3
1086,3
821,3
1350,3
610,3
804,3
2914,3
947,3
1044,3
355,3
1252,3
2835,3
1621,3
1645,3
1652,3
1067,3
1743,3
1772,3
1977,3
717,3
569,3
1145,3
938,3
1018,3
740,3
801,3
1012,3
1228,3
1404,3
1728,3
1002,3
2719,3
2225,3
1788,3
687,3
834,3
1075,3
978,3
944,3
1624,3
773,3
519,3
1471,3
1329,3
2508,3
1542,3
495,3
1523,3
1123,3
811,3
648,3
1657,3
1011,3
1994,3
1490,3
1668,3
243,3
1682,3
863,3
1451,3
1503,3
461,3
2231,3
1493,3
388,3
984,3
2424,3
693,3
1530,3
695,3
523,3
1773,3
4747,3
732,3
536,3
5824,3
608,3
1171,3
400,3
1475,3
1266,3
1208,3
1678,3
1247,3
751,3
2046,3
1173,3
880,3
1099,3
274,3
889,3
424,3
2275,3
1769,3
1128,3
752,3
1715,3
1335,3
3166,3
1278,3
748,3
836,3
1037,3
543,3
879,3
1100,3
1855,3
1656,3
758,3
1158,3
1028,3
1382,3
381,3
688,3
3119,3
1537,3
3069,3
1280,3
1090,3
897,3
2076,3
406,3
2227,3
3248,3
3442,3
522,3
527,3
2881,3
550,3
1295,3
927,3
1187,3
324,3
749,3
1379,3
4125,3
809,3
1060,3
2381,3
734,3
2080,3
1415,3
600,3
961,3
2576,3
2753,3
1784,3
1240,3
1771,3
1219,3
1021,3
1362,3
432,3
1048,3
2261,3
1330,3
1698,3
1722,3
516,3
742,3
928,3
1587,3
852,3
1737,3
989,3
1116,3
1190,3
1781,3
277,3
452,3
1588,3
2238,3
2646,3
644,3
636,3
2154,3
974,3
1440,3
506,3
892,3
684,3
1597,3
2134,3
794,3
825,3
2018,3
712,3
1641,3
2006,3
1832,3
1558,3
950,3
919,3
1546,3
884,3
535,3
2266,3
1745,3
652,3
1438,3
525,3
1552,3
1053,3
172,3
901,3
1216,3
1767,3
335,3
1093,3
2351,3
1430,3
1285,3
2152,3
1184,3
787,3
1017,3
1165,3
347,3
2504,3
791,3
1735,3
614,3
922,3
1397,3
1338,3
1526,3
2378,3
3368,3
724,3
1102,3
872,3
2911,3
1261,3
658,3
1154,3
1186,3
987,3
1383,3
1168,3
993,3
510,3
1916,3
4298,3
354,3
4202,3
3389,3
2055,3
1603,2
2246,2
4661,2
699,2
3861,2
7727,2
2619,2
5206,2
1562,2
1953,2
4320,2
1708,2
7968,2
542,2
3744,2
2025,2
3633,2
631,2
2461,2
747,2
1510,2
2690,2
3257,2
467,2
10077,2
4352,2
1188,2
1753,2
5589,2
898,2
2282,2
823,2
4545,2
3511,2
1416,2
4472,2
2343,2
1693,2
2084,2
1531,2
2920,2
2255,2
2335,2
379,2
988,2
643,2
1104,2
685,2
474,2
1697,2
1806,2
2040,2
1026,2
4641,2
15471,2
1904,2
13671,2
2345,2
1343,2
3136,2
1846,2
1606,2
7068,2
3671,2
3687,2
1513,2
596,2
2113,2
1444,2
1009,2
430,2
4109,2
1066,2
1517,2
12586,2
2009,2
1794,2
1449,2
923,2
1928,2
3616,2
2010,2
3794,2
1721,2
2522,2
1985,2
3012,2
1741,2
1136,2
3314,2
2802,2
1163,2
1132,2
2754,2
2728,2
13774,2
1198,2
1399,2
954,2
967,2
2730,2
1889,2
1423,2
8370,2
4002,2
1291,2
1847,2
1568,2
842,2
3215,2
1814,2
899,2
2969,2
1095,2
1317,2
604,2
2941,2
2906,2
1224,2
2553,2
1267,2
3836,2
2007,2
1527,2
1760,2
3243,2
1873,2
607,2
1601,2
1290,2
11695,2
3613,2
1129,2
6661,2
2547,2
1137,2
642,2
3267,2
17156,2
1960,2
5416,2
1274,2
454,2
534,2
1249,2
4333,2
798,2
3205,2
1411,2
1260,2
1790,2
1726,2
2850,2
1126,2
2747,2
2675,2
4362,2
2806,2
2745,2
2639,2
2736,2
985,2
4105,2
2528,2
764,2
1421,2
5507,2
2933,2
1763,2
812,2
5310,2
597,2
4656,2
2987,2
6621,2
1598,2
4546,2
1473,2
1496,2
2194,2
560,2
3020,2
1239,2
1322,2
3226,2
4441,2
2136,2
9500,2
805,2
3949,2
1681,2
6564,2
1934,2
2101,2
5275,2
635,2
2961,2
1041,2
1838,2
2366,2
1774,2
3189,2
1750,2
5539,2
1148,2
913,2
1575,2
1437,2
5326,2
1793,2
5574,2
540,2
2813,2
611,2
503,2
2229,2
1301,2
605,2
3929,2
3172,2
875,2
3441,2
4642,2
1803,2
1548,2
1141,2
990,2
2360,2
1579,2
1881,2
3536,2
878,2
956,2
4236,2
808,2
6134,2
3892,2
2198,2
1631,2
3112,2
3000,2
2068,2
969,2
2408,2
721,2
4439,2
1642,2
3327,2
3155,2
2029,2
6958,2
4979,2
2129,2
1167,2
2668,2
713,2
2299,2
2625,2
1456,2
2808,2
568,2
3321,2
3935,2
3162,2
1436,2
12731,2
13791,2
1407,2
3043,2
2201,2
1269,2
1282,2
2862,2
1504,2
1775,2
2493,2
1612,2
830,2
1200,2
3102,2
3031,2
1082,2
1014,2
3056,2
1705,2
5183,2
681,2
1318,2
1375,2
1417,2
1992,2
2985,2
3253,2
1486,2
1561,2
951,2
1357,2
1410,2
1815,2
25844,2
756,2
4380,2
4947,2
3249,2
622,2
1402,2
435,2
1662,2
2232,2
982,2
4191,2
3866,2
1532,2
1202,2
3187,2
6954,2
4103,2
2295,2
2239,2
11456,2
1478,2
2021,2
5086,2
3437,2
9253,2
4614,2
1571,2
619,2
1159,2
2688,2
572,2
1443,2
3176,2
2750,2
2678,2
1557,2
722,2
3685,2
7170,2
1222,2
2163,2
557,2
1251,2
2854,2
2684,2
2116,2
1458,2
1052,2
1445,2
2531,2
2356,2
1871,2
1500,2
1220,2
4455,2
2518,2
1098,2
4411,2
1344,2
3090,2
645,2
1611,2
3336,2
1081,2
4130,2
1311,2
840,2
1573,2
3529,2
2725,2
3768,2
1109,2
2318,2
4238,2
2415,2
1849,2
3961,2
1235,2
3160,2
874,2
3643,2
2685,2
1915,2
1688,2
1308,2
1663,2
2013,2
1885,2
2617,2
1286,2
10364,2
2159,2
1431,2
6300,2
2431,2
2001,2
1742,2
980,2
2099,2
4907,2
3101,2
1370,2
2016,2
1299,2
3275,2
1472,2
1591,2
844,2
2497,2
2204,2
4835,2
1150,2
1898,2
2919,2
2223,2
1108,2
1550,2
7975,2
3999,2
4252,2
5347,2
2150,2
4077,2
1914,2
3880,2
3476,2
945,2
8631,2
485,2
1103,2
1253,2
861,2
2746,2
1672,2
2654,2
1027,2
2893,2
7347,2
2910,2
3815,2
1315,2
1097,2
1206,2
8192,2
2542,2
1511,2
3972,2
5003,2
7636,2
2273,2
1856,2
1084,2
7484,2
3081,2
4082,2
1217,2
9341,2
2551,2
1671,2
2705,2
1675,2
920,2
968,2
4053,2
1931,2
1465,2
2621,2
3262,2
1858,2
2501,2
1323,2
1694,2
1567,2
998,2
3689,2
1899,2
4423,2
6262,2
2583,2
5126,2
3145,2
3379,2
4207,2
3576,2
1589,2
4497,2
4267,2
1666,2
6391,2
4397,2
2289,2
1233,2
8193,2
3071,2
2679,2
3466,2
4166,2
2647,2
1346,2
10172,2
2308,2
1789,2
1110,2
1210,2
6228,2
1756,2
1704,2
2692,2
6490,2
17637,2
2661,2
2683,2
1507,2
3405,2
1937,2
2784,2
1731,2
948,2
3834,2
1501,2
2908,2
4128,2
2331,2
2860,2
3871,2
3977,2
4257,2
1063,2
1031,2
1303,2
1895,2
1174,2
2162,2
1347,2
2059,2
1361,2
662,2
3518,2
2853,2
1625,2
599,2
5061,2
5923,2
2203,2
5983,2
469,2
686,2
1016,2
2373,2
1287,2
5575,2
592,2
4136,2
3640,2
4905,2
2868,2
1487,2
1566,2
1172,2
1734,2
2426,2
2544,2
5215,2
8008,2
1998,2
731,2
2195,2
4753,2
6029,2
1569,2
2183,2
1117,2
1555,2
2130,2
3099,2
1420,2
1813,2
7614,2
2312,2
1107,2
1691,2
1524,2
2329,2
827,2
1823,2
3500,2
1203,2
729,2
2883,2
1363,2
1331,2
1884,2
2455,2
946,2
3233,2
2932,2
3831,2
1876,2
2511,2
1879,2
3048,2
3203,2
2379,2
2003,2
4973,2
1489,2
2817,2
1345,2
4596,2
1973,2
3990,2
6016,2
2607,2
1182,2
3231,2
5837,2
2141,2
2584,2
2038,2
428,2
2823,2
2023,2
1070,2
2447,2
1554,2
935,2
1071,2
2062,2
12541,2
1118,2
5962,2
2292,2
17479,2
3487,2
1177,2
2272,2
960,2
1401,2
2901,2
11231,2
1333,2
6064,2
651,2
2539,2
1355,2
1225,2
4182,2
1664,2
7320,2
3475,2
4035,2
3059,2
2548,2
1878,2
2385,2
579,2
1824,2
4332,2
4106,2
2262,2
1599,2
1738,2
7139,2
736,2
2814,2
2245,2
3706,2
2083,2
3279,2
832,2
3443,2
9751,2
1450,2
10412,2
2388,2
5379,2
887,2
1495,2
3830,2
263,2
3626,2
999,2
1932,2
3158,2
1497,2
1886,2
1072,2
3075,2
955,2
2142,2
3003,2
943,2
1538,2
1211,2
996,2
893,2
1584,2
2002,2
668,2
1585,2
1522,2
3027,2
1655,2
1166,2
2965,2
772,2
1019,2
2561,2
409,2
2614,2
1414,2
1008,2
4658,2
2340,2
1459,2
1993,2
8599,2
7649,2
2716,2
2070,2
2452,2
1765,2
5372,2
2124,2
4420,2
976,2
3286,2
1792,2
2094,2
1349,2
5209,2
5991,2
3244,2
2993,2
1610,2
1732,2
2726,2
2416,2
2206,2
580,2
1925,2
2412,1
16306,1
20287,1
4189,1
6342,1
9086,1
23729,1
3238,1
3646,1
2579,1
2885,1
27026,1
28170,1
3951,1
2419,1
6628,1
9128,1
1779,1
3207,1
15794,1
870,1
7348,1
17102,1
36406,1
41445,1
15157,1
17627,1
8635,1
52589,1
12240,1
2662,1
30934,1
1833,1
2297,1
14203,1
21721,1
1553,1
97114,1
5122,1
4561,1
925,1
60015,1
6948,1
3265,1
3371,1
29711,1
9993,1
3245,1
9499,1
10041,1
56008,1
3678,1
917,1
3123,1
35523,1
72502,1
2243,1
2361,1
1022,1
12531,1
6309,1
4470,1
6063,1
10391,1
5703,1
22884,1
6791,1
8877,1
3707,1
17117,1
25108,1
1907,1
13043,1
22870,1
2125,1
5134,1
12782,1
66026,1
2959,1
2293,1
4755,1
6019,1
2437,1
7857,1
3683,1
6910,1
20366,1
53239,1
3957,1
3482,1
11477,1
2117,1
29069,1
6886,1
6431,1
3572,1
262941,1
2912,1
16713,1
8158,1
6170,1
2503,1
4624,1
45424,1
10210,1
3471,1
20890,1
3588,1
4917,1
5610,1
7477,1
11964,1
8882,1
16612,1
88833,1
13389,1
7087,1
3271,1
205895,1
1995,1
54290,1
55683,1
7260,1
1613,1
3125,1
1059,1
2706,1
2473,1
6985,1
2439,1
2828,1
1374,1
7226,1
1428,1
1157,1
2277,1
17209,1
7826,1
11667,1
7967,1
1972,1
32794,1
4717,1
2170,1
4978,1
8328,1
18146,1
5239,1
8186,1
7153,1
22484,1
6003,1
3857,1
13864,1
2703,1
1570,1
2538,1
335187,1
1670,1
4283,1
2838,1
41741,1
1714,1
7044,1
8019,1
41569,1
4418,1
2063,1
4675,1
1658,1
31419,1
9331,1
3415,1
30627,1
4754,1
9296,1
1348,1
5987,1
9574,1
8978,1
2056,1
5727,1
18229,1
2226,1
37281,1
3932,1
1207,1
3726,1
4906,1
7691,1
2073,1
1614,1
12507,1
7307,1
17000,1
11801,1
1389,1
5890,1
4172,1
771,1
4149,1
20643,1
29234,1
4899,1
2976,1
10422,1
5556,1
20532,1
65848,1
2509,1
2250,1
2529,1
3091,1
5409,1
38543,1
27469,1
16597,1
5062,1
23461,1
2138,1
3149,1
2988,1
17593,1
3723,1
29780,1
6902,1
13876,1
2886,1
40611,1
1391,1
3602,1
3941,1
3393,1
20356,1
9435,1
6151,1
10592,1
3420,1
34349,1
19062,1
9170,1
3407,1
2923,1
5051,1
1185,1
26301,1
3173,1
1376,1
6476,1
11721,1
17387,1
17958,1
3742,1
10654,1
1119,1
26850,1
4951,1
2558,1
10327,1
3919,1
5794,1
3737,1
2153,1
7524,1
1559,1
3802,1
13309,1
7916,1
3868,1
6836,1
5105,1
17252,1
1230,1
22082,1
7913,1
1997,1
51797,1
21648,1
4591,1
13278,1
6049,1
3567,1
6017,1
5902,1
25417,1
1543,1
1381,1
1944,1
5860,1
2036,1
2286,1
3528,1
4805,1
11659,1
8486,1
118464,1
912,1
5590,1
4335,1
1831,1
1395,1
8620,1
3460,1
26778,1
67024,1
820,1
2759,1
33579,1
7179,1
291000,1
5756,1
15056,1
3877,1
81648,1
32278,1
4044,1
929,1
8837,1
8208,1
1609,1
1218,1
1717,1
7065,1
4336,1
14962,1
2637,1
2086,1
5910,1
4650,1
1367,1
3274,1
11676,1
1685,1
7453,1
21430,1
9528,1
839,1
7197,1
15348,1
2269,1
23795,1
11237,1
4499,1
4741,1
2861,1
30830,1
3458,1
17154,1
1752,1
5115,1
4628,1
1699,1
2395,1
4945,1
3600,1
8182,1
19973,1
3931,1
102799,1
95993,1
35933,1
22143,1
56224,1
11415,1
1709,1
3550,1
1292,1
9643,1
24161,1
3998,1
12046,1
1234,1
1593,1
5254,1
10340,1
70266,1
261103,1
2133,1
21306,1
8563,1
2578,1
14162,1
4429,1
3637,1
11225,1
803,1
4100,1
18647,1
16636,1
4922,1
6181,1
13265,1
4163,1
10762,1
1962,1
2540,1
5179,1
5011,1
13555,1
2972,1
2895,1
54631,1
5759,1
10889,1
1360,1
7544,1
5934,1
3061,1
3106,1
3264,1
10174,1
12665,1
7784,1
1586,1
6903,1
26381,1
4941,1
39068,1
5263,1
9569,1
1499,1
12573,1
6641,1
9783,1
5990,1
2409,1
2600,1
6976,1
1541,1
2720,1
8452,1
5099,1
8267,1
15829,1
5605,1
4729,1
4819,1
4377,1
4636,1
117404,1
7270,1
3489,1
39950,1
7372,1
103212,1
1505,1
2775,1
7093,1
2241,1
76791,1
2864,1
2287,1
11279,1
2818,1
4698,1
2650,1
73577,1
4671,1
406801,1
4353,1
1047,1
15252,1
3211,1
5160,1
3089,1
8949,1
5415,1
3537,1
4981,1
7391,1
3541,1
4318,1
3914,1
15582,1
4651,1
42776,1
2763,1
9928,1
5039,1
3884,1
3195,1
10483,1
3753,1
5611,1
14316,1
1192,1
13434,1
97835,1
7811,1
5742,1
2350,1
68957,1
11056,1
473,1
2748,1
5893,1
1880,1
3967,1
6240,1
3142,1
1293,1
6518,1
2313,1
873,1
4205,1
5903,1
1684,1
3381,1
12640,1
8649,1
4350,1
3832,1
16594,1
2399,1
174388,1
5358,1
10066,1
4811,1
7483,1
43718,1
4984,1
8657,1
4446,1
2610,1
15898,1
7645,1
25572,1
2050,1
9506,1
3103,1
1534,1
4697,1
3947,1
22396,1
6816,1
4560,1
1130,1
2396,1
5293,1
57146,1
1918,1
10136,1
11497,1
4188,1
2832,1
6169,1
3322,1
5904,1
8575,1
10053,1
10697,1
7792,1
33115,1
27392,1
7646,1
5595,1
5597,1
12427,1
47545,1
1990,1
12481,1
835,1
5713,1
3220,1
2060,1
8390,1
10404,1
584,1
11764,1
6786,1
4565,1
2332,1
6704,1
2783,1
6946,1
9146,1
8916,1
12522,1
1996,1
3956,1
2847,1
3188,1
1385,1
186665,1
16752,1
3614,1
11564,1
4122,1
21084,1
4104,1
7192,1
25609,1
11459,1
6906,1
2657,1
5831,1
44405,1
12499,1
4864,1
674,1
1848,1
6408,1
20300,1
1868,1
10035,1
2596,1
3410,1
2349,1
1964,1
3366,1
11642,1
3196,1
47141,1
6474,1
4116,1
5606,1
3796,1
34699,1
19063,1
8194,1
2182,1
7803,1
3684,1
2051,1
3017,1
1114,1
14910,1
2474,1
2825,1
8647,1
7482,1
3108,1
4785,1
8170,1
1716,1
1273,1
6840,1
9677,1
1808,1
4199,1
11766,1
2958,1
1867,1
3013,1
2663,1
4029,1
2670,1
18395,1
7972,1
3995,1
13156,1
1744,1
6207,1
14752,1
2731,1
20744,1
3767,1
8598,1
11436,1
4886,1
2960,1
7648,1
1080,1
7449,1
4704,1
4631,1
27435,1
17097,1
14263,1
29798,1
10207,1
7363,1
5375,1
7024,1
5669,1
9075,1
1892,1
3394,1
21109,1
4110,1
1872,1
763,1
20922,1
7969,1
18037,1
8769,1
3534,1
5469,1
5992,1
8303,1
55528,1
4808,1
2562,1
5272,1
5961,1
24327,1
13421,1
1427,1
160706,1
1687,1
9504,1
5496,1
5823,1
6471,1
1540,1
4657,1
2476,1
39169,1
21952,1
2929,1
3311,1
5219,1
4492,1
6400,1
39686,1
8124,1
13274,1
43056,1
23829,1
16303,1
2699,1
30895,1
3778,1
1582,1
6714,1
3113,1
12943,1
8291,1
13426,1
4014,1
6263,1
5043,1
6695,1
1646,1
4081,1
3874,1
32907,1
6655,1
7144,1
8503,1
4637,1
9109,1
5406,1
1923,1
8142,1
21892,1
5117,1
5698,1
40210,1
7675,1
13573,1
1488,1
5085,1
249689,1
1068,1
51194,1
3991,1
14214,1
2768,1
3757,1
7723,1
3578,1
5365,1
6004,1
3610,1
107989,1
27411,1
23120,1
931,1
3504,1
10402,1
6095,1
8018,1
12856,1
38066,1
70814,1
94198,1
10921,1
36191,1
4577,1
6314,1
2111,1
1466,1
2585,1
22004,1
19701,1
27507,1
13055,1
38016,1
10786,1
38284,1
3556,1
2656,1
14436,1
30685,1
22135,1
2738,1
12504,1
1975,1
23399,1
17692,1
5075,1
1650,1
32134,1
7413,1
5189,1
7264,1
19579,1
12604,1
10829,1
1796,1
61518,1
3694,1
8594,1
1701,1
4194,1
19989,1
4703,1
3301,1
9071,1
2427,1
2595,1
3470,1
2991,1
4124,1
3711,1
7748,1
4548,1
4140,1
2480,1
1952,1
4064,1
757,1
12698,1
15487,1
5506,1
23558,1
2580,1
4736,1
6285,1
6267,1
13161,1
1572,1
7133,1
3039,1
715,1
941,1
4944,1
7752,1
20861,1
3547,1
17104,1
31313,1
3508,1
10189,1
19571,1
9396,1
3154,1
3693,1
4516,1
9079,1
19483,1
1371,1
9632,1
2517,1
21121,1
2989,1
17111,1
1127,1
2570,1
3741,1
5617,1
730,1
31111,1
1551,1
9068,1
11988,1
7635,1
6675,1
12903,1
6271,1
3255,1
2179,1
10571,1
1419,1
2089,1
2468,1
9357,1
753,1
2659,1
2058,1
1001,1
32450,1
9832,1
9223,1
8157,1
6792,1
2586,1
49014,1
8899,1
8527,1
2498,1
18444,1
1520,1
2740,1
4456,1
25809,1
27308,1
43177,1
4383,1
2449,1
1310,1
2222,1
7321,1
2805,1
6757,1
4893,1
36344,1
16357,1
12238,1
13189,1
1556,1
4500,1
6359,1
1232,1
3291,1
4170,1
6751,1
6820,1
1894,1
10269,1
3234,1
17661,1
3395,1
11886,1
916,1
1455,1
1160,1
6028,1
4689,1
6059,1
352344,1
40460,1
26044,1
9584,1
2982,1
1607,1
9867,1
3386,1
4176,1
10258,1
936,1
3398,1
4511,1
5006,1
3703,1
5801,1
8307,1
8816,1
5152,1
7135,1
4486,1
5244,1
28839,1
6332,1
11607,1
59899,1
5405,1
16849,1
7147,1
29349,1
9698,1
2673,1
1673,1
4148,1
2496,1
2460,1
22963,1
4005,1
13361,1
10159,1
2848,1
2769,1
8619,1
1720,1
2031,1
2902,1
8432,1
20980,1
2481,1
14108,1
3551,1
2118,1
6512,1
2936,1
95839,1
13911,1
6380,1
7370,1
5913,1
939,1
10530,1
12171,1
3865,1
1319,1
5224,1
14934,1
10297,1
1929,1
7603,1
8143,1
2123,1
12588,1
24383,1
2947,1
2962,1
3058,1
33639,1
49566,1
9920,1
2794,1
2126,1
15623,1
9794,1
11831,1
19219,1
26674,1
860,1
63663,1
8473,1
7634,1
4851,1
6993,1
12180,1
3739,1
3422,1
18719,1
15713,1
5663,1
4184,1
4245,1
1457,1
3074,1
3649,1
5691,1
7825,1
98713,1
5532,1
1749,1
12858,1
11005,1
37037,1
4610,1
2037,1
7922,1
10554,1
55049,1
10928,1
5139,1
1545,1
3658,1
2259,1
5084,1
1800,1
11093,1
8250,1
56241,1
1514,1
11629,1
12635,1
16685,1
18432,1
3782,1
641,1
11000,1
4541,1
42463,1
2629,1
13663,1
9368,1
1007,1
14229,1
15167,1
1786,1
2027,1
1608,1
15291,1
8126,1
29457,1
83189,1
7102,1
2573,1
2177,1
2254,1
3052,1
1533,1
3494,1
9625,1
3748,1
2417,1
5793,1
3555,1
12836,1
2423,1
10706,1
1448,1
13203,1
5386,1
12119,1
1679,1
5356,1
979,1
2613,1
15087,1
3898,1
6739,1
33397,1
2047,1
21716,1
2024,1
2100,1
8507,1
4112,1
1227,1
7193,1
1690,1
10779,1
2030,1
720,1
2371,1
8611,1
33178,1
5850,1
1463,1
4519,1
18880,1
2944,1
1936,1
7146,1
178540,1
1644,1
1183,1
49955,1
11750,1
56074,1
18587,1
19863,1
3303,1
3038,1
7132,1
14510,1
69116,1
12280,1
4401,1
11283,1
5472,1
1536,1
4290,1
6960,1
1622,1
1729,1
2322,1
5093,1
4421,1
16886,1
8235,1
13501,1
5104,1
5059,1
2041,1
3655,1
2953,1
31124,1
963,1
1956,1
3133,1
3841,1
5046,1
19541,1
2192,1
12316,1
26907,1
9565,1
58813,1
9648,1
1911,1
3497,1
1913,1
2252,1
603,1
2034,1
13972,1
6381,1
3738,1
3338,1
1424,1
2253,1
24237,1
563,1
1023,1
5146,1
17286,1
13216,1
7451,1
8526,1
1651,1
31306,1
2434,1
24205,1
8838,1
3798,1
4836,1
4781,1
1851,1
126862,1
4738,1
2236,1
10026,1
18525,1
17662,1
3212,1
11651,1
10778,1
1394,1
10582,1
19827,1
3194,1
1755,1
4936,1
2069,1
2942,1
12788,1
3612,1
3326,1
7096,1
2975,1
35759,1
3696,1
8368,1
1483,1
3092,1
8072,1
5422,1
5796,1
5684,1
5220,1
2247,1
15821,1
7261,1
14690,1
2472,1
1602,1
1942,1
4208,1
2168,1
5070,1
7897,1
8268,1
4132,1
14444,1
22397,1
10196,1
9089,1
11289,1
4209,1
13903,1
6132,1
7432,1
1396,1
9937,1
2211,1
15152,1
18080,1
7820,1
8310,1
37803,1
15777,1
2108,1
9769,1
5841,1
45564,1
854,1
8056,1
3345,1
6397,1
7834,1
13276,1
39459,1
4715,1
5878,1
18583,1
35366,1
2207,1
19650,1
4074,1
4070,1
4587,1
11033,1
2425,1
26360,1
5464,1
5389,1
8584,1
12693,1
3525,1
2834,1
1304,1
1197,1
3273,1
3313,1
19776,1
47378,1
6753,1
2689,1
18318,1
5368,1
4222,1
101990,1
1626,1
1859,1
3140,1
2843,1
2816,1
4909,1
1596,1
2943,1
7970,1
2913,1
11744,1
8029,1
30849,1
17968,1
24548,1
26464,1
6600,1
30454,1
3945,1
1576,1
11089,1
4227,1
1358,1
1321,1
52605,1
2560,1
3309,1
3011,1
107999,1
3740,1
3308,1
3715,1
12971,1
1328,1
42123,1
3838,1
37896,1
1307,1
27761,1
18347,1
1179,1
2402,1
8867,1
6211,1
6758,1
886,1
2519,1
2693,1
5509,1
829,1
34168,1
7575,1
2380,1
1418,1
14971,1
9311,1
20459,1
2707,1
15848,1
2382,1
53043,1
5971,1
4700,1
3571,1
3456,1
1696,1
1647,1
4665,1
14802,1
26880,1
7667,1
6468,1
7110,1
5642,1
13395,1
14045,1
5929,1
43181,1
20470,1
4695,1
45029,1
3546,1
10619,1
3448,1
3147,1
6497,1
2052,1
9524,1
351515,1
1866,1
41038,1
3889,1
5226,1
1857,1
1244,1
5674,1
9628,1
2632,1
9384,1
5151,1
7763,1
26872,1
1627,1
3788,1
3747,1
23259,1
2801,1
9290,1
5024,1
5702,1
20183,1
3805,1
5491,1
1268,1
4537,1
4612,1
6561,1
6539,1
8399,1
3177,1
85199,1
15953,1
2167,1
6033,1
8548,1
3625,1
7091,1
5322,1
11488,1
3790,1
470,1
5454,1
1539,1
16099,1
4854,1
2387,1
11958,1
8145,1
6093,1
4391,1
1702,1
5167,1
8030,1
9430,1
4606,1
1492,1
2967,1
10040,1
4156,1
1604,1
1834,1
7480,1
15861,1
11760,1
3708,1
12258,1
27616,1
3677,1
47193,1
2319,1
5407,1
1101,1
5728,1
3642,1
2776,1
1462,1
4897,1
69494,1
4621,1
973,1
2148,1
6206,1
16654,1
8782,1
12851,1
10630,1
1768,1
1730,1
4288,1
9177,1
2014,1
3284,1
2370,1
2314,1
29031,1
8425,1
5108,1
5201,1
16360,1
1826,1
1893,1
4942,1
814,1
1778,1
2742,1
18260,1
1312,1
7343,1
577839,1
8685,1
7822,1
25437,1
4538,1
4746,1
30379,1
3005,1
2164,1
5613,1
8434,1
53181,1
120423,1
106689,1
10980,1
1124,1
6746,1
10411,1
1817,1
48033,1
3094,1
8001,1
2291,1
3779,1
3554,1
5068,1
953,1
4382,1
24218,1
4309,1
2085,1
26456,1
1920,1
3282,1
7746,1
3288,1
6624,1
15929,1
11113,1
3440,1
2112,1
2667,1
17815,1
10262,1
4574,1
1089,1
13136,1
37817,1
30913,1
90238,1
33021,1
7983,1
1364,1
1966,1
3030,1
1161,1
3712,1
12266,1
12406,1
32097,1
3589,1
1337,1
7211,1
5636,1
2344,1
26026,1
1727,1
12376,1
5880,1
37887,1
68305,1
7373,1
1917,1
2521,1
4004,1
8060,1
3959,1
4289,1
48230,1
601,1
4895,1
6685,1
2811,1
30082,1
2103,1
6386,1
3387,1
4580,1
2114,1
1046,1
2567,1
9926,1
11039,1
38218,1
9814,1
2140,1
5049,1
32585,1
3019,1
2288,1
1433,1
4887,1
2210,1
3095,1
806,1
2773,1
12352,1
2856,1
3185,1
942,1
2952,1
3523,1
29938,1
4518,1
4678,1
16904,1
826,1
1201,1
19904,1
855,1
14171,1
4061,1
4598,1
57761,1
3573,1
3278,1
2155,1
6995,1
1719,1
40302,1
8533,1
8586,1
16081,1
11837,1
833,1
17992,1
4050,1
1948,1
13719,1
23811,1
769,1
3446,1
4643,1
25648,1
3096,1
20201,1
9550,1
1105,1
12951,1
3872,1
2641,1
4311,1
13384,1
22384,1
9152,1
10228,1
1494,1
2307,1
5424,1
10241,1
5283,1
19937,1
7501,1
5593,1
43621,1
6246,1
19419,1
2189,1
3876,1
1746,1
5324,1
3520,1
762,1
2918,1
1354,1
7475,1
2061,1
16999,1
14659,1
58848,1
28952,1
10869,1
27812,1
100659,1
15488,1
4645,1
4652,1
60054,1
822,1
1951,1
9051,1
9242,1
9952,1
8082,1
1782,1
14496,1
6264,1
10620,1
965,1
6319,1
6363,1
10579,1
5361,1
2004,1
6025,1
33987,1
10689,1
14121,1
2669,1
4578,1
11297,1
2436,1
14694,1
2466,1
2495,1
7375,1
6853,1
10435,1
7520,1
2429,1
2191,1
2418,1
5344,1
3174,1
11135,1
2365,1
21520,1
12188,1
10818,1
4660,1
4770,1
11508,1
1441,1
4321,1
6352,1
2334,1
6703,1
8627,1
2384,1
5706,1
3464,1
3728,1
1135,1
3295,1
5463,1
8891,1
26079,1
1535,1
19078,1
4354,1
4625,1
5425,1
49607,1
26679,1
9004,1
8814,1
3823,1
40055,1
6123,1
5270,1
5038,1
9098,1
3532,1
3752,1
8876,1
2279,1
10058,1
3765,1
728,1
10366,1
2574,1
23673,1
5374,1
837,1
7454,1
8640,1
24425,1
5888,1
22350,1
12697,1
3382,1
2900,1
11678,1
2244,1
3302,1
1480,1
4113,1
8228,1
4259,1
12093,1
14665,1
12581,1
14525,1
1314,1
4385,1
4000,1
2405,1
53258,1
5468,1
15845,1
77993,1
12350,1
2559,1
6981,1
2144,1
26675,1
7562,1
5383,1
8996,1
6194,1
7627,1
6657,1
2513,1
24028,1
23145,1
16529,1
4721,1
6436,1
1706,1
2178,1
5565,1
3925,1
3417,1
21723,1
3543,1
6121,1
29648,1
29411,1
5036,1
26776,1
5498,1
3526,1
8469,1
9325,1
2463,1
3349,1
13786,1
4262,1
9255,1
15033,1
37422,1
4127,1
5013,1
29964,1
5844,1
22564,1
2012,1
7127,1
9966,1
9483,1
5891,1
2995,1
54240,1
4459,1
19822,1
6509,1
3916,1
2729,1
2793,1
6699,1
3881,1
8000,1
2311,1
44476,1
5095,1
1724,1
3839,1
23666,1
4083,1
7049,1
151700,1
1453,1
37606,1
20317,1
3922,1
4213,1
3915,1
3966,1
8225,1
4450,1
14287,1
15294,1
2721,1
4325,1
6048,1
4063,1
3450,1
6269,1
4041,1
17130,1
4358,1
12200,1
2537,1
27377,1
1776,1
3983,1
1799,1
2998,1
23063,1
3396,1
1508,1
691,1
2568,1
2316,1
5826,1
3430,1
2841,1
638,1
9110,1
1632,1
5005,1
16695,1
4159,1
10108,1
3791,1
876,1
2119,1
5905,1
1064,1
10059,1
2723,1
4264,1
2859,1
1092,1
2218,1
10687,1
4869,1
128902,1
1836,1
1214,1
4091,1
61453,1
17572,1
2121,1
1325,1
2871,1
22901,1
1386,1
1204,1
6652,1
3214,1
20648,1
5492,1
5937,1
30206,1
6119,1
10998,1
4782,1
23670,1
2866,1
50185,1
1837,1
4791,1
2336,1
6072,1
3210,1
2404,1
4254,1
5045,1
2971,1
3940,1
11091,1
11230,1
2939,1
9614,1
3465,1
7205,1
3156,1
5968,1
4477,1
1805,1
60136,1
5792,1
1452,1
17769,1
13115,1
12368,1
10539,1
6202,1
3664,1
8077,1
11693,1
2043,1
2026,1
29940,1
2546,1
8773,1
5529,1
970,1
3067,1
18344,1
2294,1
3828,1
779,1
7689,1
5569,1
15658,1
6440,1
18454,1
24150,1
6052,1
7027,1
5021,1
21213,1
7513,1
14784,1
5459,1
4572,1
12993,1
7964,1
2457,1
11944,1
1954,1
10938,1
33479,1
7429,1
199842,1
6310,1
3082,1
4278,1
14268,1
2477,1
35048,1
2071,1
5949,1
123103,1
10671,1
3660,1
4020,1
1816,1
2710,1
1038,1
1949,1
4608,1
2772,1
4193,1
4270,1
100490,1
12199,1
14211,1
3812,1
1850,1
700,1
2106,1
3050,1
1891,1
3575,1
25154,1
5614,1
1482,1
7672,1
13287,1
6012,1
48888,1
5821,1
3781,1
5249,1
4151,1
18166,1
3474,1
1897,1
6918,1
7109,1
4076,1
18982,1
2874,1
9474,1
16064,1
1739,1
30302,1
10160,1
2441,1
1434,1
8824,1
3408,1
1991,1
3570,1
10608,1
10095,1
26422,1
10515,1
5103,1
3955,1
5909,1
5743,1
3148,1
9564,1
6823,1
1963,1
2234,1
2630,1
17463,1
8297,1
9095,1
3445,1
1425,1
124110,1
20966,1
2852,1
70038,1
1474,1
11613,1
53270,1
2782,1
8826,1
35184,1
2804,1
5295,1
12798,1
2800,1
35266,1
2475,1
5447,1
4912,1
13812,1
42149,1
71321,1
1326,1
4765,1
1843,1
8404,1
30513,1
3045,1
7013,1
10763,1
7609,1
8561,1
28231,1
1785,1
9446,1
3535,1
1777,1
2887,1
35440,1
4967,1
4547,1
4890,1
4903,1
4585,1
3287,1
11407,1
13213,1
8898,1
738,1
8715,1
2665,1
2240,1
51504,1
19585,1
14023,1
1629,1
3943,1
7327,1
5490,1
11183,1
3549,1
7510,1
12100,1
5873,1
3137,1
11823,1
15343,1
18005,1
61243,1
7725,1
4067,1
42064,1
11931,1
7597,1
4315,1
1334,1
3409,1
3025,1
3427,1
12810,1
3901,1
10086,1
7591,1
34436,1
2165,1
12689,1
1770,1
1196,1
1999,1
3453,1
36177,1
75103,1
34563,1
6760,1
4117,1
13585,1
9019,1
13732,1
36757,1
7949,1
7995,1
850,1
12505,1
6811,1
5668,1
1412,1
1013,1
2221,1
27497,1
2072,1
6575,1
10384,1
1970,1
19624,1
12381,1
32854,1
6320,1
25257,1
200123,1
9961,1
4768,1
10504,1
27644,1
148045,1
3170,1
1435,1
3165,1
10130,1
1643,1
5102,1
32672,1
10535,1
2789,1
9449,1
50834,1
8832,1
20675,1
5271,1
9896,1
20568,1
26436,1
23142,1
25303,1
6851,1
9624,1
3624,1
2137,1
11122,1
5524,1
26885,1
11674,1
15307,1
12599,1
1940,1
13955,1
11278,1
13831,1
19842,1
8558,1
19320,1
75340,1
4594,1
4415,1
10126,1
7686,1
4995,1
846,1
2406,1
1454,1
20353,1
429,1
8785,1
32118,1
27228,1
27426,1
8778,1
3895,1
2732,1
8012,1
2964,1
3369,1
3669,1
23873,1
19591,1
26736,1
10420,1
32852,1
15082,1
15199,1
102198,1
60889,1
5159,1
3524,1
6467,1
3899,1
2325,1
6273,1
1153,1
17856,1
4502,1
108222,1
9495,1
6257,1
841,1
745,1
42280,1
5973,1
9426,1
10158,1
2320,1
15613,1
3044,1
3068,1
5899,1
2618,1
3159,1
8671,1
9604,1
5140,1
9661,1
17828,1
9194,1
2369,1
2357,1
2147,1
2891,1
9220,1
3364,1
27457,1
9442,1
3897,1
18449,1
3561,1
3933,1
7619,1
2934,1
13884,1
6219,1
5886,1
8388,1
2951,1
7223,1
3735,1
10193,1
6544,1
1723,1
1083,1
3329,1
8539,1
1700,1
2383,1
10114,1
16286,1
11002,1
26397,1
2090,1
15650,1
3421,1
3208,1
1754,1
3428,1
60730,1
6986,1
78735,1
3079,1
9566,1
8441,1
3018,1
8204,1
13279,1
12293,1
6406,1
12765,1
2067,1
16528,1
6161,1
4543,1
1035,1
2011,1
2174,1
5303,1
26840,1
3762,1
2945,1
10792,1
1034,1
1393,1
5410,1
32370,1
5681,1
5247,1
4977,1
1327,1
4045,1
18238,1
7487,1
10612,1
2092,1
15637,1
7805,1
2671,1
5813,1
4433,1
910,1
9893,1
28434,1
4365,1
10342,1
3462,1
2251,1
3242,1
15170,1
1366,1
3447,1
905,1
4584,1
5050,1
2120,1
1820,1
3691,1
17925,1
63203,1
2467,1
9121,1
6117,1
12415,1
11180,1
4197,1
914,1
7613,1
49591,1
4394,1
2485,1
8115,1
5632,1
7809,1
5914,1
1432,1
14414,1
4969,1
3803,1
42469,1
2877,1
4253,1
3822,1
20623,1
3380,1
3281,1
14477,1
3373,1
1515,1
3759,1
4060,1
6120,1
2744,1
4575,1
1933,1
13238,1
2917,1
2836,1
4165,1
1272,1
4800,1
2655,1
16985,1
2301,1
8515,1
6492,1
1600,1
1479,1
9010,1
5450,1
4600,1
162141,1
18617,1
54153,1
4714,1
49498,1
10491,1
3981,1
26841,1
2096,1
6878,1
4885,1
2633,1
14055,1
2264,1
3656,1
9208,1
8095,1
3026,1
2237,1
2081,1
2217,1
21373,1
4065,1
4690,1
1649,1
1865,1
3035,1
10394,1
2166,1
2122,1
12313,1
4849,1
8169,1
69392,1
7280,1
2867,1
4744,1
670,1
7354,1
3512,1
2777,1
10526,1
1036,1
2075,1
5552,1
4832,1
77728,1
12556,1
4201,1
5307,1
1298,1
8833,1
10220,1
7085,1
4609,1
32172,1
53005,1
5958,1
19606,1
8525,1
24134,1
701,1
8926,1
12246,1
1946,1
24055,1
3904,1
7488,1
24919,1
4896,1
6966,1
10776,1
896,1
1875,1
50292,1
2242,1
13471,1
4221,1
46633,1
2628,1
4597,1
1583,1
1845,1
1909,1
16333,1
4821,1
1316,1
1798,1
12969,1
2143,1
3087,1
7850,1
2990,1
3927,1
18576,1
5136,1
2588,1
12918,1
18578,1
5185,1
3478,1
8401,1
6149,1
3340,1
3064,1
1941,1
11951,1
2948,1
2132,1
1169,1
4038,1
18323,1
8820,1
10568,1
5661,1
4214,1
2257,1
2870,1
3180,1
3835,1
4911,1
2465,1
1943,1
824,1
70855,1
4469,1
28233,1
11365,1
7537,1
8014,1
4169,1
1176,1
3505,1
9726,1
12919,1
3472,1
20821,1
1519,1
10250,1
13350,1
10380,1
4137,1
9987,1
4282,1
5584,1
2897,1
5657,1
8578,1
6002,1
2892,1
5725,1
4712,1
4734,1
862,1
793,1
14278,1
5704,1
3786,1
23750,1
34985,1
13333,1
210894,1
32436,1
52336,1
2078,1
2091,1
5994,1
13641,1
23827,1
1294,1
3893,1
108762,1
8788,1
1003,1
2321,1
4408,1
40765,1
3923,1
16053,1
2048,1
1870,1
5429,1
13710,1
1057,1
3124,1
1521,1
15567,1
4877,1
918,1
9248,1
4855,1
8581,1
7570,1
10439,1
16949,1
660,1
14378,1
8421,1
8777,1
7555,1
2672,1
13845,1
19259,1
3324,1
2175,1
83446,1
7540,1
1882,1
7207,1
10182,1
15660,1
2391,1
5022,1
4057,1
8834,1
4369,1
1974,1
3667,1
38907,1
3053,1
18597,1
5399,1
3826,1
9169,1
3565,1
49716,1
6044,1
2660,1
588,1
6479,1
7325,1
10282,1
4762,1
1636,1
2882,1
955418,1
2341,1
5304,1
26251,1
10000,1
4798,1
857,1
6635,1
12863,1
1740,1
3662,1
2278,1
1983,1
3888,1
10078,1
4183,1
3540,1
7542,1
2020,1
6036,1
5810,1
14853,1
2771,1
34689,1
7979,1
3191,1
1020,1
5534,1
6006,1
2469,1
4827,1
2093,1
1464,1
5223,1
5677,1
9479,1
10623,1
5946,1
6678,1
4206,1
83275,1
6086,1
2263,1
13091,1
8174,1
2681,1
4935,1
2317,1
2612,1
5396,1
29580,1
5895,1
5287,1
19978,1
8046,1
42151,1
2045,1
12859,1
6390,1
2718,1
6152,1
3862,1
17301,1
1387,1
3515,1
26640,1
3630,1
6684,1
2640,1
1143,1
19670,1
8311,1
2302,1
27570,1
4889,1
3134,1
3702,1
9603,1
10780,1
6353,1
4991,1
5767,1
5251,1
1481,1
252713,1
11189,1
3109,1
3611,1
710,1
783,1
4030,1
1961,1
8917,1
2846,1
4246,1
2713,1
12309,1
4422,1
2421,1
7459,1
4099,1
20595,1
50668,1
13479,1
3434,1
98775,1
19547,1
9247,1
2781,1
3023,1
19414,1
1759,1
5359,1
4673,1
7105,1
23561,1
4303,1
2028,1
3461,1
17567,1
3179,1
35446,1
1680,1
9005,1
5838,1
3772,1
1422,1
2057,1
1215,1
3533,1
8827,1
4987,1
4946,1
4344,1
5978,1
5982,1
4460,1
6442,1
8351,1
3593,1
2407,1
1004,1
2645,1
3304,1
12437,1
5723,1
5181,1
19664,1
13042,1
37588,1
4760,1
1365,1
37039,1
17426,1
5815,1
5439,1
3958,1
2115,1
10116,1
5096,1
10395,1
7479,1
3237,1
5088,1
4601,1
18515,1
800,1
109144,1
5413,1
3404,1
6669,1
2065,1
11765,1
9461,1
6499,1
1989,1
14264,1
3609,1
158045,1
3842,1
6449,1
1140,1
2128,1
6741,1
18068,1
8766,1
4404,1
13354,1
9189,1
5786,1
22583,1
4843,1
2756,1
9161,1
4994,1
36257,1
36479,1
26618,1
4996,1
5839,1
6847,1
2651,1
10850,1
1313,1
48157,1
3982,1
5651,1
2368,1
9660,1
5297,1
60250,1
61665,1
4489,1
