1,1534387
2,259681
3,103299
4,56632
5,36899
6,25929
7,19616
8,15122
9,12243
10,10292
11,8622
12,7305
13,6368
14,5549
15,4837
16,4392
17,4012
18,3466
19,3249
20,2933
21,2711
22,2481
23,2287
24,2151
25,2011
26,1872
27,1742
28,1691
29,1632
30,1488
31,1423
33,1281
32,1253
35,1117
34,1106
36,1021
37,1002
38,974
39,902
41,823
40,807
42,805
43,783
44,731
47,708
46,697
45,666
48,643
50,638
49,608
52,592
51,570
54,534
53,533
56,487
57,473
58,462
55,453
60,450
59,430
61,412
67,388
63,377
62,372
65,368
68,363
70,362
64,360
66,347
73,331
69,326
71,323
79,310
78,307
72,301
74,293
76,287
77,282
75,277
80,272
82,270
84,264
83,258
81,253
87,252
85,248
86,244
92,240
90,222
88,211
94,208
91,208
93,207
89,205
100,200
97,199
95,196
101,194
98,193
96,188
103,185
104,183
108,179
99,175
105,173
106,162
102,159
115,157
113,154
111,153
110,153
112,151
107,147
119,145
121,144
114,143
118,142
125,137
109,135
120,135
116,132
117,131
127,128
130,126
126,124
124,122
123,122
128,122
122,121
134,119
129,118
131,108
135,108
147,107
132,106
136,105
141,105
145,104
139,104
155,101
133,101
137,99
138,98
146,97
153,96
151,95
144,91
157,90
140,90
142,90
182,89
148,87
162,86
159,86
149,85
143,84
161,82
152,82
150,81
174,79
191,78
158,78
172,78
169,78
154,77
165,77
164,77
167,76
178,76
163,76
160,76
156,75
185,72
166,71
168,70
197,69
188,67
170,67
173,67
198,66
176,66
171,64
196,63
195,63
199,62
192,62
179,62
180,61
181,60
189,60
220,60
224,60
190,59
193,59
227,57
187,57
194,57
209,56
201,55
218,55
212,55
175,55
177,55
202,54
219,53
203,53
228,52
184,51
213,51
215,51
207,51
250,50
205,50
208,50
186,49
234,49
214,48
210,48
200,48
183,48
238,47
204,47
229,47
242,46
226,45
216,45
230,45
221,45
239,44
206,44
222,43
252,43
233,43
253,43
237,42
211,42
225,42
254,42
284,41
257,40
247,40
231,40
262,39
309,39
244,39
296,38
261,38
291,38
276,38
271,38
223,38
267,37
269,37
303,37
258,37
240,37
256,37
264,36
266,36
251,36
282,36
246,36
243,36
277,36
241,36
245,36
249,35
299,35
236,34
289,34
287,34
265,33
318,33
268,33
235,33
349,32
293,31
263,31
281,31
317,31
255,31
311,30
217,30
270,29
314,29
288,29
279,29
298,29
260,29
411,29
259,28
295,28
232,28
290,28
308,27
272,27
302,27
316,27
292,27
273,27
294,27
356,27
248,27
323,27
332,27
379,26
283,26
341,26
338,26
297,26
344,26
333,26
345,26
364,26
350,26
352,26
280,26
278,25
348,25
330,25
354,25
307,25
315,25
367,24
347,24
362,24
322,24
331,24
274,24
335,24
304,24
328,23
334,23
427,23
300,23
372,23
370,22
366,22
286,22
285,22
400,22
361,22
310,22
467,21
336,21
357,21
449,21
327,21
321,21
275,21
388,21
306,21
339,20
377,20
375,20
368,20
380,20
355,20
376,20
390,20
326,20
402,20
329,20
301,20
313,20
351,20
431,19
395,19
340,19
389,19
360,19
319,19
481,19
305,19
385,18
429,18
384,18
410,18
469,18
494,18
358,18
359,18
365,18
320,18
460,18
386,18
363,18
414,17
405,17
312,17
387,17
346,17
369,17
374,17
420,17
437,17
501,17
476,17
403,17
497,17
506,17
415,16
371,16
477,16
399,16
409,16
342,16
478,16
353,16
459,16
446,16
391,16
430,16
511,16
378,16
373,16
490,16
337,15
491,15
382,15
462,15
343,15
555,15
516,15
444,15
471,15
485,15
443,15
466,15
424,15
457,15
441,15
448,15
508,15
645,15
558,14
442,14
495,14
426,14
489,14
458,14
526,14
487,14
406,14
325,14
392,14
524,14
408,14
407,14
479,14
454,14
396,14
493,14
627,14
461,14
474,13
456,13
434,13
599,13
653,13
547,13
425,13
445,13
590,13
404,13
594,13
436,13
472,13
523,13
709,13
418,12
530,12
562,12
567,12
535,12
515,12
533,12
447,12
397,12
615,12
433,12
422,12
393,12
401,12
528,12
616,12
509,12
498,12
480,12
514,12
465,12
529,12
572,12
701,12
452,12
537,12
398,11
625,11
394,11
383,11
468,11
518,11
614,11
432,11
455,11
556,11
492,11
450,11
586,11
520,11
412,11
417,11
628,11
483,11
679,11
626,11
428,11
324,11
421,10
600,10
519,10
702,10
642,10
665,10
570,10
583,10
646,10
742,10
620,10
438,10
792,10
560,10
778,10
525,10
629,10
439,10
641,10
381,10
512,10
597,10
630,10
593,10
550,10
721,10
464,10
517,10
736,9
602,9
902,9
596,9
595,9
496,9
488,9
486,9
463,9
844,9
638,9
631,9
604,9
603,9
473,9
435,9
685,9
764,9
848,9
413,9
756,9
694,9
585,9
861,9
557,9
592,9
453,9
499,9
416,9
667,9
484,9
531,9
503,9
504,9
654,9
611,9
580,9
802,9
578,9
569,9
527,9
773,9
690,9
632,9
419,9
541,8
941,8
979,8
538,8
423,8
1225,8
637,8
539,8
810,8
763,8
566,8
571,8
522,8
621,8
713,8
686,8
835,8
619,8
786,8
855,8
922,8
579,8
650,8
563,8
749,8
513,8
909,8
598,8
791,8
591,8
622,8
561,8
643,8
617,8
746,8
683,8
795,8
832,8
648,8
708,8
553,8
732,8
536,8
634,8
730,7
720,7
564,7
722,7
1021,7
607,7
1123,7
676,7
799,7
820,7
789,7
554,7
744,7
660,7
1131,7
545,7
534,7
633,7
666,7
908,7
1003,7
777,7
440,7
573,7
796,7
574,7
671,7
866,7
546,7
675,7
813,7
649,7
714,7
867,7
548,7
659,7
689,7
605,7
745,7
747,7
750,7
1161,7
581,7
800,7
451,7
1011,7
559,7
770,7
532,7
889,7
500,7
698,7
584,7
751,7
543,7
710,7
606,7
759,7
470,7
582,7
965,6
651,6
1093,6
609,6
723,6
663,6
804,6
540,6
951,6
552,6
851,6
970,6
958,6
544,6
1056,6
680,6
974,6
1163,6
859,6
849,6
623,6
674,6
812,6
893,6
510,6
937,6
885,6
640,6
610,6
577,6
1236,6
748,6
521,6
703,6
1191,6
854,6
741,6
1000,6
697,6
755,6
921,6
587,6
482,6
776,6
657,6
551,6
624,6
612,6
949,6
1297,6
700,6
961,6
652,6
727,6
549,6
899,6
613,6
873,6
502,6
672,6
860,6
1014,6
864,6
767,6
601,6
505,6
803,6
801,6
1402,6
1063,6
588,5
1497,5
919,5
917,5
1384,5
1033,5
754,5
959,5
712,5
715,5
982,5
1062,5
1096,5
1113,5
656,5
948,5
904,5
1129,5
983,5
681,5
840,5
1197,5
782,5
881,5
783,5
1365,5
833,5
1083,5
870,5
815,5
575,5
953,5
673,5
1187,5
661,5
738,5
618,5
1341,5
716,5
639,5
1080,5
1138,5
1034,5
753,5
1195,5
969,5
1252,5
589,5
699,5
704,5
897,5
797,5
725,5
1049,5
1057,5
780,5
898,5
1305,5
1095,5
916,5
765,5
1089,5
766,5
565,5
1144,5
868,5
811,5
858,5
954,5
875,5
821,5
1350,5
743,5
695,5
1436,5
944,5
1208,5
1332,5
947,5
731,5
682,5
1244,5
938,4
1217,4
1042,4
831,4
857,4
1069,4
990,4
1330,4
1441,4
843,4
1639,4
644,4
991,4
542,4
980,4
1028,4
1685,4
929,4
890,4
1115,4
1130,4
1838,4
1054,4
1284,4
719,4
1266,4
1087,4
1657,4
1486,4
1117,4
688,4
822,4
1155,4
793,4
1025,4
1452,4
913,4
475,4
1311,4
1109,4
999,4
1029,4
1193,4
824,4
1525,4
1753,4
1004,4
760,4
1124,4
1212,4
828,4
2526,4
768,4
1317,4
1078,4
1863,4
968,4
1160,4
687,4
924,4
973,4
1085,4
865,4
769,4
1363,4
900,4
901,4
1267,4
1698,4
891,4
1514,4
608,4
1641,4
825,4
1703,4
2104,4
1801,4
1393,4
507,4
740,4
774,4
1335,4
1031,4
879,4
826,4
664,4
852,4
1306,4
884,4
967,4
711,4
1076,4
1204,4
1022,4
788,4
808,4
1105,4
1467,4
739,4
1147,4
1325,4
823,4
932,4
939,4
693,4
1052,4
1199,4
2071,4
684,4
1203,4
827,4
729,4
1110,4
668,4
658,4
923,4
1066,4
911,4
1239,4
1295,4
1676,4
1345,4
787,4
1294,4
1032,4
837,4
1634,4
1005,4
1264,4
1340,4
863,4
1298,4
1697,3
1277,3
1360,3
1010,3
1642,3
1202,3
2371,3
1936,3
705,3
847,3
1594,3
1077,3
2882,3
1636,3
724,3
4187,3
1059,3
1050,3
1972,3
2828,3
1527,3
677,3
4729,3
635,3
830,3
1200,3
1567,3
998,3
1026,3
1094,3
1904,3
798,3
717,3
888,3
1111,3
1183,3
1408,3
1188,3
1670,3
930,3
805,3
1229,3
1502,3
1874,3
1680,3
781,3
1489,3
1546,3
2938,3
1082,3
986,3
892,3
1247,3
647,3
728,3
568,3
4177,3
984,3
1101,3
976,3
1140,3
1349,3
966,3
1612,3
1498,3
845,3
1548,3
1482,3
2247,3
880,3
1312,3
1826,3
2261,3
1048,3
1712,3
1535,3
1334,3
1196,3
3901,3
1230,3
726,3
1273,3
1430,3
1044,3
655,3
1466,3
1860,3
1973,3
2467,3
2303,3
1649,3
2867,3
733,3
3129,3
960,3
1169,3
985,3
1030,3
1579,3
878,3
1621,3
1749,3
1595,3
1673,3
2496,3
678,3
1425,3
928,3
1071,3
1040,3
896,3
2654,3
1538,3
1378,3
996,3
1481,3
772,3
895,3
1180,3
1185,3
737,3
1213,3
1002,3
1128,3
2414,3
1361,3
1036,3
670,3
1039,3
2342,3
3852,3
4565,3
757,3
669,3
1268,3
1431,3
1854,3
758,3
1136,3
1469,3
1279,3
1774,3
1075,3
2296,3
1024,3
1493,3
874,3
816,3
836,3
945,3
1813,3
988,3
995,3
734,3
691,3
2470,3
1020,3
1015,3
2343,3
1300,3
1156,3
1586,3
1499,3
1615,3
1791,3
1318,3
1304,3
1170,3
1735,3
1223,3
2103,3
1724,3
2588,3
1058,3
1880,3
1271,3
2202,3
2359,3
2249,3
1516,3
856,3
1833,3
925,3
2037,3
1426,3
906,3
2054,3
1762,3
1328,3
1248,3
1046,3
1103,3
1339,3
807,3
1060,3
1116,3
1235,3
785,3
886,3
1589,3
1902,3
790,3
1242,3
1829,3
1512,3
838,3
2968,3
883,3
997,3
1817,3
920,3
950,3
1832,3
1228,3
735,3
903,3
1231,3
1435,3
1023,3
927,3
761,3
1172,3
2115,3
1047,3
1793,3
1068,3
1007,3
1255,3
1569,3
762,3
862,3
2214,2
1224,2
3845,2
1127,2
2520,2
1175,2
3034,2
1280,2
1447,2
2157,2
3252,2
1336,2
1599,2
2403,2
2400,2
1983,2
1740,2
1241,2
2317,2
1211,2
1055,2
1921,2
4872,2
1480,2
1908,2
2080,2
1219,2
1256,2
1283,2
2336,2
1771,2
1731,2
1072,2
955,2
2109,2
2386,2
3138,2
1290,2
2005,2
2095,2
6356,2
3001,2
1162,2
2074,2
1563,2
2271,2
2793,2
877,2
809,2
1945,2
1504,2
1775,2
962,2
1282,2
2147,2
4102,2
1554,2
4009,2
1413,2
1470,2
1981,2
1401,2
2736,2
1701,2
1417,2
1992,2
3761,2
1220,2
2108,2
3568,2
1746,2
2189,2
3876,2
2381,2
2679,2
4285,2
1562,2
718,2
1074,2
5829,2
1132,2
1446,2
2390,2
2396,2
1126,2
4310,2
1013,2
1137,2
6848,2
8608,2
1564,2
1637,2
3935,2
834,2
1232,2
1151,2
978,2
1729,2
1622,2
2779,2
3643,2
818,2
806,2
3543,2
1120,2
952,2
17742,2
942,2
1201,2
1518,2
3117,2
1510,2
2063,2
11639,2
1980,2
2873,2
1065,2
1221,2
842,2
1380,2
1681,2
933,2
2920,2
1570,2
1164,2
2270,2
981,2
1308,2
1866,2
1885,2
1688,2
2138,2
2044,2
3637,2
775,2
4240,2
1725,2
1496,2
2564,2
1035,2
2174,2
2931,2
2945,2
1001,2
1648,2
1179,2
829,2
1788,2
1053,2
1275,2
1437,2
1955,2
1263,2
2219,2
1253,2
1342,2
6088,2
943,2
2565,2
1102,2
872,2
1584,2
4056,2
1853,2
1585,2
1398,2
2092,2
1758,2
1327,2
910,2
1186,2
1166,2
1831,2
1395,2
2498,2
1520,2
1727,2
1364,2
3426,2
2324,2
2145,2
2457,2
1303,2
1954,2
989,2
1896,2
2180,2
1259,2
882,2
7987,2
1150,2
1675,2
11498,2
3208,2
1157,2
3024,2
1374,2
2007,2
1505,2
4819,2
1041,2
2577,2
1540,2
1427,2
1329,2
1319,2
2033,2
1460,2
2181,2
2370,2
1694,2
1174,2
1038,2
1302,2
1210,2
1756,2
876,2
2399,2
1351,2
3154,2
1581,2
707,2
1503,2
1844,2
2295,2
1702,2
1492,2
1616,2
1604,2
1839,2
2078,2
1495,2
1142,2
3730,2
2889,2
1262,2
3987,2
1521,2
2697,2
2732,2
2056,2
940,2
1976,2
841,2
1984,2
1153,2
1146,2
1454,2
636,2
846,2
3039,2
957,2
1743,2
1977,2
576,2
1451,2
2310,2
1372,2
2466,2
2004,2
1216,2
3433,2
1795,2
1737,2
3846,2
1238,2
3535,2
2120,2
1070,2
2872,2
1708,2
1620,2
2890,2
3220,2
2060,2
1523,2
1603,2
13867,2
3473,2
1748,2
1851,2
1443,2
972,2
1286,2
2542,2
2121,2
3750,2
1092,2
5229,2
3376,2
5030,2
1513,2
894,2
2806,2
1733,2
2639,2
2168,2
814,2
2742,2
1347,2
1323,2
1368,2
11780,2
1592,2
1272,2
2635,2
1999,2
1770,2
1888,2
1121,2
1997,2
977,2
2695,2
1009,2
2171,2
5052,2
1695,2
2825,2
2563,2
4005,2
1358,2
1321,2
2884,2
3887,2
2853,2
5353,2
1625,2
1331,2
1316,2
1583,2
1118,2
1909,2
4244,2
1566,2
1779,2
975,2
1517,2
1381,2
1928,2
784,2
1322,2
1808,2
1930,2
1119,2
1969,2
1343,2
6694,2
1967,2
706,2
1407,2
963,2
1571,2
1399,2
1593,2
1198,2
1234,2
2395,2
4337,2
34709,2
752,2
1108,2
662,2
1556,2
1404,2
4659,2
2810,2
1222,2
1237,2
2256,2
4309,2
3323,2
771,2
1377,2
2008,2
2584,2
2038,2
1927,2
9950,2
1868,2
2428,2
1848,2
931,2
1301,2
1528,2
1961,2
1019,2
2936,2
1285,2
1176,2
2465,2
2614,2
1008,2
987,2
1383,2
1759,2
1422,2
1215,2
4460,2
1901,2
1133,2
1993,2
1168,2
1674,2
1792,2
1618,2
2631,2
2993,2
1732,2
2930,2
2943,2
971,2
1081,2
1590,2
2155,2
1027,2
1386,2
2374,2
3214,2
2330,2
2927,1
37261,1
1677,1
1950,1
964,1
17971,1
5934,1
2812,1
13240,1
2906,1
11771,1
3015,1
5759,1
1145,1
2994,1
1551,1
2989,1
2909,1
2184,1
16100,1
1371,1
3155,1
11243,1
1409,1
11662,1
2944,1
3866,1
2598,1
4191,1
1532,1
2030,1
12422,1
2797,1
1951,1
3051,1
1782,1
8133,1
926,1
6508,1
6362,1
2551,1
8082,1
19092,1
6922,1
1958,1
2486,1
4300,1
2175,1
3324,1
5208,1
5579,1
5213,1
1547,1
10000,1
2278,1
6044,1
2341,1
16591,1
5025,1
1338,1
25102,1
4480,1
2488,1
2681,1
5964,1
2489,1
5871,1
20285,1
1905,1
2355,1
4553,1
16601,1
17626,1
4501,1
1444,1
2923,1
5805,1
2709,1
6637,1
38078,1
3974,1
15338,1
4188,1
6593,1
18473,1
68054,1
1141,1
2606,1
2185,1
14649,1
1405,1
29484,1
6092,1
3110,1
11355,1
11825,1
3050,1
2922,1
1891,1
10170,1
1850,1
3812,1
12450,1
10929,1
68994,1
3986,1
7129,1
2531,1
1602,1
5796,1
1530,1
2356,1
6784,1
1942,1
3275,1
2653,1
4934,1
1299,1
2016,1
4224,1
1472,1
1757,1
1099,1
2622,1
2708,1
1778,1
8119,1
6012,1
5758,1
2059,1
32712,1
4151,1
8436,1
2687,1
3481,1
21023,1
1135,1
6703,1
5706,1
2525,1
3728,1
2501,1
6241,1
9465,1
4488,1
2097,1
2851,1
4297,1
11198,1
10512,1
2301,1
2836,1
1600,1
1479,1
6865,1
1265,1
1580,1
8820,1
20117,1
3180,1
14957,1
2323,1
4833,1
4214,1
10568,1
14291,1
8108,1
3270,1
4577,1
3441,1
2111,1
2571,1
6276,1
4880,1
2306,1
2585,1
5202,1
30648,1
1624,1
5152,1
9145,1
28469,1
2765,1
4847,1
2397,1
7028,1
21964,1
8610,1
2862,1
1269,1
5278,1
3151,1
1045,1
2891,1
7332,1
3364,1
3897,1
4980,1
114974,1
3990,1
2607,1
3516,1
2485,1
914,1
2122,1
1865,1
935,1
1359,1
12483,1
3979,1
1907,1
37297,1
1333,1
9736,1
2901,1
1352,1
6616,1
3254,1
41177,1
33497,1
12745,1
4122,1
2454,1
27360,1
1385,1
4129,1
67632,1
2847,1
7519,1
1881,1
3694,1
3705,1
1320,1
2950,1
1796,1
7889,1
15978,1
8594,1
16353,1
6745,1
5849,1
4245,1
3047,1
11006,1
1457,1
12420,1
3344,1
4467,1
4184,1
22227,1
2211,1
9103,1
10196,1
15280,1
4209,1
12294,1
1780,1
11488,1
36288,1
11998,1
7588,1
3310,1
4776,1
3177,1
12696,1
5033,1
2888,1
4403,1
1382,1
2307,1
34122,1
11671,1
6065,1
3638,1
10075,1
6857,1
3450,1
5076,1
1852,1
3107,1
1276,1
41116,1
1797,1
4263,1
3277,1
1747,1
1296,1
2746,1
4598,1
6232,1
1912,1
5592,1
9688,1
4828,1
3268,1
1464,1
50295,1
1289,1
1387,1
2045,1
5696,1
72903,1
3976,1
20186,1
6603,1
15444,1
2302,1
4045,1
4977,1
2671,1
5557,1
2817,1
7019,1
1619,1
2965,1
1522,1
3027,1
5959,1
12534,1
1468,1
8080,1
41457,1
3875,1
75180,1
3382,1
6555,1
5888,1
10141,1
2881,1
10072,1
12111,1
2998,1
28100,1
2537,1
1508,1
5826,1
12646,1
4639,1
12019,1
3405,1
76707,1
3210,1
2404,1
120042,1
1240,1
2212,1
2784,1
4677,1
21094,1
1549,1
1937,1
7998,1
5968,1
30986,1
2999,1
4477,1
6202,1
3827,1
27438,1
3057,1
2877,1
36299,1
1432,1
1745,1
4025,1
2416,1
2206,1
1925,1
53764,1
7166,1
8925,1
2208,1
3675,1
2093,1
4183,1
8922,1
4536,1
22874,1
8289,1
1661,1
1416,1
15554,1
6137,1
5112,1
7477,1
4146,1
3351,1
1995,1
6500,1
4155,1
2139,1
7030,1
2290,1
19422,1
8381,1
2997,1
4941,1
1541,1
2600,1
3260,1
6903,1
2019,1
215837,1
134995,1
407410,1
6330,1
1628,1
147012,1
2636,1
1575,1
1646,1
1086,1
7476,1
1375,1
11158,1
3530,1
7490,1
3890,1
3056,1
1705,1
2686,1
2507,1
3910,1
6765,1
10659,1
4587,1
1974,1
3667,1
4057,1
9169,1
1932,1
2844,1
16910,1
8051,1
3325,1
11781,1
6534,1
692,1
8324,1
5077,1
1917,1
4895,1
2311,1
14188,1
2729,1
3916,1
3797,1
65367,1
2117,1
8465,1
2690,1
4002,1
2734,1
1091,1
37958,1
7246,1
1889,1
14151,1
63399,1
4330,1
1291,1
4483,1
2960,1
2731,1
9475,1
5433,1
2471,1
5315,1
5303,1
19629,1
4740,1
3203,1
2379,1
13197,1
33015,1
25412,1
3810,1
8258,1
1209,1
1935,1
2887,1
82729,1
4685,1
2373,1
1810,1
10383,1
1016,1
1366,1
3691,1
3447,1
2003,1
192626,1
3462,1
10100,1
905,1
14362,1
3221,1
12653,1
2075,1
3512,1
40995,1
13672,1
2243,1
2361,1
2327,1
3245,1
57285,1
5205,1
4274,1
1985,1
5285,1
4741,1
4341,1
1883,1
4379,1
3458,1
4837,1
68449,1
1692,1
1990,1
5114,1
5920,1
18064,1
23507,1
5713,1
2332,1
1652,1
3146,1
5176,1
1061,1
956,1
2480,1
2146,1
2595,1
7134,1
7080,1
1645,1
1952,1
226289,1
7748,1
3745,1
11935,1
5173,1
1968,1
11437,1
140082,1
4424,1
40259,1
23621,1
7614,1
25675,1
10749,1
1559473,1
1348,1
1392,1
8796,1
7662,1
2335,1
3415,1
5742,1
3503,1
5611,1
13159,1
15231,1
3857,1
5302,1
29412,1
2170,1
7644,1
7470,1
1693,1
2758,1
18848,1
14647,1
4493,1
3261,1
2553,1
2287,1
2741,1
12259,1
39159,1
2650,1
2842,1
38868,1
4016,1
1614,1
2976,1
6888,1
8332,1
3192,1
1104,1
7042,1
2073,1
1389,1
122448,1
2055,1
1043,1
1421,1
3104,1
3389,1
2042,1
30057,1
1763,1
5876,1
2933,1
4246,1
332996,1
2421,1
2713,1
141814,1
6469,1
1419,1
2468,1
17288,1
8941,1
2089,1
3255,1
2490,1
6438,1
1018,1
3052,1
46827,1
1533,1
1668,1
19090,1
1448,1
2402,1
3727,1
1418,1
3160,1
14503,1
1171,1
5951,1
7960,1
13009,1
38665,1
6255,1
7211,1
1966,1
3342,1
2442,1
3040,1
35865,1
6256,1
1337,1
1715,1
15015,1
9335,1
3374,1
4375,1
23537,1
2698,1
1653,1
7160,1
4207,1
6642,1
2513,1
1379,1
5938,1
4239,1
4347,1
2283,1
219308,1
4395,1
3424,1
3082,1
17093,1
7513,1
3871,1
6350,1
11916,1
2626,1
1288,1
10162,1
6303,1
2126,1
2236,1
259713,1
3194,1
1394,1
3317,1
2688,1
19346,1
1159,1
28757,1
1827,1
3560,1
2431,1
14788,1
3747,1
1243,1
4476,1
33590,1
1656,1
3872,1
18965,1
143301,1
12575,1
2587,1
4795,1
4311,1
1511,1
12048,1
35089,1
1494,1
4720,1
1205,1
4091,1
12378,1
8470,1
6490,1
1704,1
21358,1
2576,1
2753,1
14028,1
5061,1
4539,1
2782,1
1718,1
1843,1
37287,1
2545,1
1587,1
2015,1
60436,1
2804,1
4850,1
12554,1
2800,1
9772,1
2833,1
14654,1
4502,1
1107,1
7895,1
1524,1
5196,1
10126,1
1544,1
25755,1
4415,1
4107,1
3724,1
3892,1
6134,1
28542,1
8629,1
1572,1
3112,1
1631,1
4021,1
7164,1
14051,1
45705,1
2024,1
2566,1
4237,1
5356,1
1662,1
2516,1
2100,1
8507,1
17775,1
11100,1
22743,1
3587,1
2666,1
1915,1
5361,1
9398,1
7313,1
28121,1
7128,1
6138,1
1090,1
17317,1
2272,1
20519,1
1226,1
2292,1
1767,1
5174,1
8833,1
2420,1
2874,1
10866,1
7109,1
1739,1
11026,1
86173,1
8197,1
4817,1
215100,1
1923,1
3870,1
1761,1
21974,1
3193,1
5326,1
5255,1
14391,1
7957,1
93976,1
1800,1
29547,1
2985,1
38389,1
31575,1
5139,1
21559,1
89244,1
5097,1
2259,1
8250,1
1307,1
68258,1
3715,1
2415,1
2066,1
138928,1
9066,1
23809,1
4750,1
6565,1
22507,1
449682,1
3813,1
16477,1
5512,1
4580,1
2898,1
48392,1
2018,1
946,1
14381,1
2579,1
4286,1
3646,1
6079,1
7416,1
2419,1
14110,1
3951,1
4213,1
88520,1
35625,1
26521,1
1453,1
3915,1
4681,1
4083,1
6421,1
26959,1
5236,1
2826,1
2647,1
1629,1
1484,1
3251,1
7556,1
6069,1
5457,1
16189,1
1403,1
1152,1
2277,1
1353,1
5193,1
272085,1
2720,1
1979,1
6734,1
2611,1
3240,1
12743,1
4413,1
1873,1
3243,1
36378,1
3311,1
2929,1
1529,1
5031,1
6999,1
5400,1
5721,1
4668,1
6471,1
2158,1
11440,1
3341,1
1471,1
4147,1
1542,1
19935,1
7953,1
2309,1
5733,1
1458,1
3092,1
1483,1
6331,1
3326,1
35976,1
56499,1
11470,1
2854,1
2684,1
23661,1
1445,1
2942,1
2975,1
159323,1
2700,1
7096,1
2069,1
3284,1
4835,1
5545,1
2314,1
12868,1
2497,1
691177,1
2204,1
4288,1
7379,1
9739,1
11090,1
1730,1
5425,1
5230,1
5228,1
1899,1
1636423,1
3636,1
2710,1
39110,1
3339,1
26092,1
6298,1
141516,1
2162,1
6231,1
9307,1
1789,1
1064,1
2119,1
9899,1
5334,1
2149,1
2841,1
5585,1
7254,1
4159,1
51399,1
27367,1
59699,1
4666,1
4352,1
1088,1
1659,1
54435,1
9910,1
6324,1
4418,1
2986,1
1714,1
67633,1
9571,1
1658,1
6770,1
3073,1
2260,1
19872,1
2401,1
1568,1
196287,1
18150,1
2459,1
3230,1
7363,1
4110,1
2739,1
1892,1
3164,1
11954,1
8269,1
4842,1
21109,1
1872,1
3606,1
1943,1
30361,1
3505,1
9200,1
4097,1
19447,1
9433,1
21663,1
6582,1
1414,1
3023,1
5382,1
9533,1
7138,1
10522,1
1459,1
57610,1
15000,1
3772,1
25820,1
2340,1
3579,1
359926,1
4760,1
7324,1
2645,1
5665,1
3065,1
6035,1
2216,1
2094,1
3286,1
9646,1
1989,1
7435,1
6896,1
2652,1
5991,1
4404,1
3225,1
2128,1
5442,1
4474,1
3333,1
2651,1
85318,1
1610,1
14715,1
5776,1
1313,1
10966,1
14063,1
1455,1
3395,1
1861,1
3654,1
1638,1
9593,1
8230,1
12152,1
25816,1
6456,1
2450,1
3604,1
12310,1
5502,1
4366,1
16619,1
1667,1
3883,1
4195,1
1913,1
5598,1
22449,1
4121,1
3819,1
3227,1
2633,1
2096,1
1978,1
4897,1
5728,1
38222,1
3101,1
6850,1
11082,1
2046,1
2819,1
5802,1
2959,1
2619,1
2437,1
3618,1
3361,1
4593,1
3143,1
6951,1
3121,1
1787,1
3314,1
9477,1
2086,1
1717,1
2637,1
1741,1
1609,1
2413,1
56851,1
9298,1
1367,1
2492,1
1257,1
3132,1
322621,1
1560,1
12137,1
2610,1
27902,1
9989,1
4446,1
1726,1
2850,1
1790,1
7645,1
3103,1
6619,1
6414,1
1582,1
28675,1
2228,1
82181,1
3060,1
7500,1
1894,1
11516,1
1388,1
32519,1
41380,1
4135,1
6222,1
3038,1
1536,1
10760,1
1478,1
2382,1
8529,1
7292,1
19072,1
3456,1
1475,1
7377,1
13769,1
3571,1
4667,1
69514,1
10873,1
1647,1
1278,1
3095,1
2737,1
5017,1
9782,1
10057,1
1433,1
7835,1
1037,1
19462,1
2210,1
3019,1
2830,1
6249,1
3417,1
2178,1
5609,1
12418,1
2514,1
7986,1
3992,1
6815,1
7348,1
19868,1
11665,1
89089,1
3521,1
2238,1
2543,1
1449,1
6938,1
9668,1
2010,1
214426,1
1864,1
3528,1
3567,1
2286,1
3995,1
4199,1
9074,1
3493,1
1744,1
3647,1
10857,1
8892,1
7038,1
5462,1
26580,1
19852,1
9777,1
7866,1
1355,1
2682,1
1798,1
2143,1
9425,1
1910,1
2510,1
15049,1
2815,1
1450,1
5379,1
86410,1
8836,1
918,1
13291,1
2608,1
992,1
3266,1
11583,1
15482,1
6782,1
9012,1
91487,1
3471,1
1617,1
3257,1
26600,1
9291,1
3994,1
850,1
2676,1
2347,1
1970,1
3635,1
1412,1
3365,1
2072,1
29680,1
5266,1
8032,1
2410,1
66313,1
7294,1
3237,1
10223,1
2124,1
1406,1
3135,1
8112,1
3980,1
13085,1
49205,1
4981,1
3089,1
5367,1
3250,1
3294,1
934,1
25338,1
27939,1
1488,1
9821,1
2604,1
17736,1
3006,1
6670,1
4972,1
61515,1
6576,1
1561,1
1410,1
7095,1
1815,1
2154,1
5510,1
1555,1
25374,1
5116,1
9437,1
7282,1
25011,1
2964,1
1998,1
16823,1
2195,1
2265,1
3524,1
5151,1
2013,1
11633,1
7299,1
1857,1
1627,1
1084,1
9111,1
3119,1
4645,1
5555,1
7422,1
819,1
2061,1
2918,1
3128,1
4644,1
6516,1
7994,1
5402,1
5067,1
4561,1
4192,1
11199,1
2297,1
3574,1
47575,1
3122,1
3569,1
915,1
11138,1
14537,1
3460,1
3963,1
42540,1
11399,1
31292,1
10301,1
1274,1
2763,1
6564,1
5083,1
4033,1
37211,1
61767,1
2869,1
2458,1
4808,1
20019,1
2354,1
1934,1
2562,1
5961,1
1669,1
2186,1
27808,1
9223,1
13908,1
2394,1
23384,1
3217,1
105167,1
10936,1
2027,1
34030,1
1608,1
11588,1
12385,1
2616,1
1786,1
14762,1
6423,1
3198,1
2518,1
4715,1
1665,1
5054,1
3996,1
2207,1
37554,1
1098,1
7000,1
1862,1
3554,1
1769,1
52252,1
9532,1
3005,1
1898,1
2164,1
239595,1
2879,1
2076,1
2705,1
3070,1
3428,1
2511,1
60125,1
1754,1
2006,1
1824,1
3472,1
16002,1
4322,1
1519,1
5191,1
16406,1
66406,1
4001,1
33369,1
2541,1
1250,1
4080,1
11275,1
2572,1
5519,1
12548,1
1287,1
26831,1
888439,1
10219,1
7112,1
78739,1
12810,1
1190,1
129147,1
3427,1
13018,1
3485,1
3591,1
2954,1
5105,1
4591,1
6836,1
12705,1
13134,1
2438,1
22183,1
5827,1
4015,1
9030,1
4785,1
9520,1
1689,1
907,1
5834,1
1473,1
2051,1
4359,1
26661,1
8170,1
1376,1
5180,1
124737,1
45749,1
1846,1
23365,1
16744,1
1559,1
2558,1
2590,1
4479,1
9539,1
5087,1
4210,1
5528,1
8802,1
4498,1
2530,1
38334,1
3196,1
90001,1
2182,1
3519,1
2215,1
15144,1
3754,1
6738,1
1607,1
52583,1
5576,1
334713,1
3918,1
2982,1
973669,1
3043,1
4084,1
4511,1
8441,1
2984,1
7931,1
3077,1
1292,1
1699,1
40260,1
8182,1
2728,1
3998,1
19899,1
1709,1
3550,1
5734,1
10984,1
1438,1
4780,1
1515,1
41140,1
10283,1
4012,1
4233,1
3380,1
3759,1
7836,1
3584,1
5861,1
8130,1
27058,1
28624,1
6004,1
3592,1
857040,1
3222,1
99848,1
2031,1
4387,1
4454,1
8450,1
5250,1
10045,1
10719,1
43061,1
158094,1
2481,1
26129,1
3773,1
7548,1
1369,1
27857,1
1611,1
43503,1
1344,1
1859,1
1596,1
37006,1
2910,1
1751,1
8430,1
1635,1
7887,1
1719,1
1565,1
17392,1
8603,1
3763,1
1837,1
1507,1
2422,1
4438,1
1825,1
3596,1
3337,1
6799,1
8957,1
11547,1
18813,1
4430,1
49416,1
30770,1
2762,1
2618,1
2329,1
5140,1
5004,1
91209,1
4101,1
2722,1
40701,1
1456,1
2805,1
1310,1
4448,1
2808,1
3283,1
24146,1
10564,1
1947,1
18292,1
41194,1
6544,1
2951,1
12006,1
34208,1
2544,1
4778,1
11955,1
2789,1
1734,1
1643,1
117523,1
4376,1
2484,1
2426,1
1424,1
1251,1
6295,1
3557,1
5543,1
27029,1
4611,1
9681,1
6068,1
2315,1
14027,1
6624,1
3115,1
8683,1
11968,1
2559,1
2405,1
9407,1
3760,1
1314,1
1400,1
3145,1
5637,1
1390,1
2032,1
22315,1
2609,1
16362,1
1391,1
4641,1
3381,1
1260,1
81720,1
1249,1
2313,1
5708,1
20683,1
34369,1
4485,1
13026,1
2460,1
69450,1
7353,1
1807,1
3163,1
152529,1
33246,1
2848,1
8167,1
3945,1
1576,1
1683,1
2318,1
4914,1
10138,1
7928,1
7108,1
21509,1
39908,1
5390,1
4643,1
1206,1
3446,1
19727,1
1100,1
1948,1
1855,1
4032,1
13143,1
20352,1
3518,1
8297,1
4432,1
10376,1
4218,1
2456,1
7631,1
362455,1
1474,1
4079,1
2852,1
10501,1
11379,1
12172,1
2582,1
1723,1
2134,1
3329,1
794,1
1700,1
17058,1
5443,1
6177,1
2062,1
2242,1
4597,1
28409,1
5559,1
1845,1
13083,1
5970,1
11670,1
22388,1
109892,1
2953,1
24486,1
8314,1
6326,1
4229,1
5086,1
49920,1
2192,1
4986,1
7983,1
6829,1
7156,1
1073,1
3863,1
696,1
1550,1
16717,1
2223,1
2112,1
1233,1
6969,1
11371,1
996589,1
4397,1
2289,1
2012,1
3559,1
17187,1
779,1
13337,1
19464,1
8773,1
1362,1
18011,1
12142,1
2358,1
5218,1
2908,1
8222,1
9362,1
1434,1
2441,1
4579,1
15632,1
5127,1
6839,1
3989,1
1440,1
10343,1
6047,1
3000,1
6916,1
2068,1
15182,1
11020,1
13346,1
5480,1
4103,1
7361,1
8136,1
2000,1
79262,1
4481,1
1106,1
1742,1
1281,1
2001,1
3973,1
887,1
4514,1
12827,1
1139,1
34132,1
17848,1
3907,1
8900,1
2446,1
15207,1
13318,1
5000,1
6339,1
2049,1
6097,1
20537,1
5374,1
2279,1
3639,1
58784,1
14474,1
1165,1
24925,1
3033,1
10371,1
3479,1
3124,1
