70,644
140,113
210,59
280,41
50,29
350,24
40,18
30,16
10,15
420,11
110,10
100,10
700,9
60,9
390,9
490,8
560,8
190,7
120,6
260,6
330,5
130,5
400,5
240,5
220,5
20,4
370,4
630,4
180,4
80,4
270,4
360,4
250,3
320,3
290,3
480,3
7,3
430,3
460,3
200,3
530,3
380,3
470,3
90,2
23,2
1050,2
1090,2
520,2
150,2
540,2
620,2
170,2
900,2
780,2
15,2
1040,2
680,2
252,2
770,2
760,2
1270,2
160,2
1120,2
740,2
830,1
1741,1
20045,1
5987,1
690,1
6911,1
720,1
32,1
43,1
3605,1
1810,1
2849,1
6519,1
18277,1
12787,1
1769,1
43325,1
253,1
2240,1
4281,1
22950860,1
3320,1
14874,1
5438,1
870,1
3209,1
581,1
731,1
20823,1
213,1
16556,1
2896,1
750,1
432,1
265,1
3977,1
117888,1
21592,1
37773,1
1350,1
298,1
2751,1
73,1
1180,1
217,1
1660,1
5429,1
261,1
5013,1
56,1
2790,1
4678,1
855,1
910,1
1600,1
3824933,1
1738,1
14578,1
450,1
3510,1
5816,1
907,1
31891,1
4199,1
128,1
127,1
1617,1
33408,1
10572,1
22,1
198,1
1850,1
3110,1
9580,1
1560,1
1130,1
890,1
849,1
103936,1
4773,1
48,1
1920,1
11853,1
3890,1
840,1
960,1
36970,1
9729,1
336,1
658,1
1890,1
6360,1
8614,1
1380,1
8979,1
1156,1
289,1
2109,1
1290,1
983,1
2150,1
3880,1
10220,1
1294,1
20875,1
44453,1
1740,1
248027,1
9876,1
49313,1
5026,1
136344,1
1360,1
65,1
72819,1
4563,1
33748,1
1530,1
920,1
73907,1
28,1
3925,1
1400,1
25389,1
44,1
1340,1
7110,1
171,1
1080,1
2450,1
190646,1
2122,1
594,1
733,1
1470,1
8701,1
5398,1
542,1
1030,1
26380,1
483,1
2000,1
645632,1
5312,1
10251,1
164369,1
7697,1
1223,1
84276,1
685,1
6797,1
1930,1
3687,1
7648314,1
893,1
1647,1
14376,1
3643,1
4868,1
2070,1
800,1
55,1
6945,1
1630,1
1060,1
1700,1
655,1
3270,1
357865,1
1551,1
153103,1
730,1
817345,1
570,1
8361,1
501004,1
5169,1
1650,1
58,1
1253,1
500,1
1341,1
23697,1
259,1
109517,1
18113,1
41305,1
415,1
1077,1
22904,1
293181,1
1968,1
3716,1
394,1
1760,1
25464,1
3970,1
84097,1
59198,1
12379,1
50542,1
950,1
61930,1
2809,1
810,1
1305,1
930,1
2260,1
899,1
670,1
12556,1
1320,1
217713,1
1403,1
2828,1
5544,1
4923,1
2706,1
1540,1
2920,1
1531,1
2172,1
158,1
1100,1
4050,1
156,1
841,1
1107,1
67240,1
29393,1
21,1
2311,1
16703,1
297,1
2121,1
2269393,1
21920,1
1330,1
1135,1
13047,1
2293,1
3770,1
580,1
1098290,1
4710,1
391,1
2986,1
1220,1
660,1
6180,1
149,1
2477,1
407979,1
2857,1
10151,1
1280,1
111,1
1458,1
7350,1
2575,1
600,1
13852,1
561,1
790,1
8335,1
365,1
3211,1
1225,1
1910,1
1512743,1
6469,1
1018,1
15480,1
801,1
1370,1
6465,1
436,1
798,1
1351,1
4811,1
