1,23
3,20
4,18
2,18
7,17
10,15
9,14
11,13
6,12
8,12
18,12
20,11
14,11
21,11
15,10
29,9
130,9
16,9
5,8
44,8
35,8
42,8
90,8
24,8
46,8
22,7
19,7
54,7
34,7
142,7
13,7
39,6
25,6
32,6
43,6
17,6
61,6
12,6
512,6
30,6
60,6
148,6
53,6
26,5
37,5
50,5
187,5
74,5
28,5
33,5
118,5
128,5
156,5
140,5
195,5
180,5
59,5
129,5
97,5
91,5
40,5
226,4
94,4
67,4
58,4
57,4
154,4
365,4
79,4
41,4
110,4
68,4
107,4
93,4
120,4
382,4
78,4
73,4
87,4
231,4
86,4
364,3
51,3
779,3
293,3
167,3
65,3
229,3
205,3
890,3
261,3
178,3
214,3
52,3
198,3
414,3
596,3
386,3
550,3
69,3
603,3
48,3
202,3
188,3
213,3
104,3
66,3
420,3
63,3
27,3
345,3
161,3
193,3
304,3
424,3
115,3
153,3
96,3
105,3
423,3
138,3
207,3
344,3
206,3
303,3
141,3
631,3
92,3
23,3
147,3
410,3
137,3
1101,3
122,3
38,3
256,3
690,3
259,3
45,3
47,3
183,3
109,3
294,3
134,3
100,3
360,3
766,2
212,2
270,2
112,2
84,2
305,2
948,2
31,2
172,2
1009,2
2006,2
797,2
413,2
227,2
562,2
1045,2
1877,2
398,2
2420,2
1843,2
701,2
966,2
301,2
263,2
292,2
179,2
306,2
857,2
2660,2
237,2
89,2
486,2
487,2
1059,2
76,2
2422,2
175,2
177,2
2426,2
77,2
1038,2
75,2
126,2
274,2
905,2
1820,2
2224,2
258,2
70,2
762,2
627,2
310,2
393,2
311,2
1249,2
1411,2
145,2
623,2
1151,2
124,2
1070,2
1392,2
287,2
174,2
968,2
959,2
158,2
552,2
123,2
127,2
234,2
239,2
209,2
170,2
1085,2
1716,2
343,2
3384,2
405,2
682,2
753,2
260,2
1083,2
271,2
839,2
336,2
579,2
404,2
377,2
1257,2
464,2
197,2
1146,2
131,2
498,2
806,2
836,2
485,2
871,2
975,2
2009,2
132,2
611,2
540,2
761,2
168,2
324,2
749,2
162,2
615,2
273,2
1158,2
160,2
922,2
1456,2
867,2
111,2
106,2
910,2
186,2
62,2
1364,2
199,2
591,2
230,2
291,2
518,2
1962,2
80,2
634,2
626,2
2046,2
1014,2
335,2
2411,2
1861,2
350,2
82,2
470,2
1616,2
151,2
1180,2
189,2
317,2
152,2
788,2
1325,2
456,2
366,2
169,2
669,2
300,2
2216,2
99,2
571,2
358,2
217,2
409,2
827,2
729,2
233,2
1349,2
354,2
483,2
881,2
64,2
1708,2
3571,2
504,2
245,2
1020,2
1440,2
992,2
3089,2
846,2
176,2
159,2
853,1
20957,1
551,1
9327,1
56,1
406,1
262,1
15364,1
7672,1
2106,1
12199,1
6733,1
201,1
402,1
5169,1
7816,1
990,1
1362,1
8346,1
5821,1
1048,1
157,1
2909,1
2184,1
222,1
938,1
3327,1
6156,1
1145,1
3937,1
385,1
132874,1
155,1
113,1
1042,1
232187,1
876,1
264,1
1064,1
734,1
6265,1
19674,1
55401,1
1508,1
367,1
243,1
442,1
1175,1
2598,1
2797,1
705,1
10246,1
656,1
16586,1
99667,1
103,1
236,1
253,1
2180,1
2235,1
6378,1
5007,1
1283,1
2821,1
2572,1
184332,1
7981,1
1287,1
3409,1
2851,1
5842,1
16985,1
3252,1
415,1
5692,1
2486,1
277,1
348,1
6664,1
26592,1
1361,1
20172858,1
662,1
1434,1
3457,1
2963,1
2441,1
3827,1
977,1
5896,1
18501,1
2954,1
430,1
453,1
3700,1
5872,1
613,1
34192,1
535,1
3822,1
7869,1
62677,1
567,1
1879,1
950,1
26373,1
6446,1
1832,1
599,1
646,1
114,1
678,1
714,1
14782,1
3794,1
77654,1
418,1
1360,1
263112,1
3061,1
3106,1
51599,1
2153,1
17958,1
1606,1
1212,1
9424,1
4941,1
11540,1
983,1
1615,1
3141,1
4964,1
1982,1
331,1
2176,1
95,1
3444,1
699,1
589,1
268,1
8199,1
12431,1
361,1
644,1
74122,1
328,1
1726,1
1848,1
674,1
2867,1
336752,1
3470,1
369827,1
2955,1
1061,1
884,1
3292,1
3079,1
520,1
508,1
1054,1
349,1
632,1
13274,1
164,1
821,1
931,1
5109,1
875,1
16506,1
702,1
2444,1
852,1
1795,1
1016,1
3846,1
1777,1
7871,1
32949,1
7914,1
4135,1
449,1
538,1
4035,1
4038,1
83,1
6259,1
5026,1
2333,1
694,1
346,1
4447,1
1328,1
28047,1
21988,1
146,1
388,1
14870,1
3133,1
4557,1
3655,1
412,1
5086,1
2041,1
4540,1
211,1
8024,1
2213,1
10162,1
12400,1
2126,1
1523,1
1439,1
949,1
8143,1
2292,1
4609,1
1767,1
1216,1
11527,1
26868,1
2493,1
1624,1
4291,1
13432,1
2885,1
124944,1
10871,1
18196,1
1809,1
548,1
1003,1
240,1
1262,1
1640,1
1338,1
4187,1
1241,1
1905,1
4478,1
1526,1
6366,1
4799,1
1973,1
606,1
1182,1
46204,1
1931,1
6325,1
431,1
2359,1
450,1
1069,1
595,1
1461,1
326,1
10592,1
4143,1
452,1
1487,1
20267,1
3521,1
1566,1
537,1
4469,1
121,1
25376,1
6427,1
1878,1
659,1
2253,1
1222,1
563,1
3557,1
53049,1
564,1
347,1
2341,1
4028,1
241,1
2435,1
17247,1
521,1
3543,1
52655,1
3925,1
1428,1
39310,1
196,1
3125,1
1157,1
427,1
6189,1
6162,1
102,1
2866,1
2683,1
426,1
7048,1
1231,1
1435,1
677,1
3352,1
64407,1
3489,1
2007,1
1979,1
1148,1
1646,1
2326,1
918,1
6687,1
660,1
2764,1
13412,1
149,1
2162,1
1949,1
302,1
10003,1
5927,1
2554,1
36,1
9462,1
3115,1
9829,1
953,1
3288,1
2256,1
2353,1
755,1
210,1
1555,1
1117,1
72366,1
529,1
2854,1
1052,1
1199,1
26508,1
15170,1
3462,1
12232,1
491,1
11321,1
440,1
337,1
2748,1
473,1
454,1
4141,1
6895,1
665,1
6423,1
255,1
1665,1
883,1
854,1
1422,1
1874,1
1959,1
795,1
220,1
11137,1
9588,1
10561,1
381,1
985,1
1385,1
4078,1
493,1
2313,1
2399,1
534,1
1530,1
116,1
488,1
1942,1
828,1
1213,1
3105,1
17151,1
40460,1
936,1
136,1
47239,1
496,1
7920,1
98,1
2451,1
2806,1
13366,1
133630,1
1778,1
34278,1
2016,1
814,1
1894,1
1232,1
25813,1
3985,1
1535,1
3295,1
181,1
1368,1
586,1
5463,1
3871,1
2448,1
3424,1
5129,1
265,1
2331,1
696,1
1128,1
6783,1
1134,1
752,1
4284,1
1540,1
3512,1
38959,1
2075,1
4756,1
777,1
23612,1
2226,1
621,1
6247,1
143,1
45610,1
71,1
26451,1
3228,1
3203,1
1138,1
2945,1
507,1
9300,1
2418,1
920,1
1675,1
407,1
4748,1
1476,1
17170,1
316,1
832,1
862,1
770,1
1006,1
4712,1
4644,1
3229,1
11927,1
1657,1
746,1
20585,1
111986,1
8478,1
1007,1
683,1
28415,1
641,1
19892,1
1693,1
5239,1
447,1
2920,1
389,1
796,1
6003,1
280,1
45901,1
3086,1
10427,1
1289,1
3942,1
24400,1
2268,1
6564,1
5211,1
1046,1
5508,1
1236,1
9926,1
2658,1
459,1
2140,1
577,1
341,1
15534,1
610,1
11099,1
1060,1
5125,1
3915,1
2826,1
2474,1
7274,1
10292,1
907,1
1473,1
20040,1
629,1
439,1
275,1
3366,1
2186,1
97727,1
8527,1
9832,1
6772,1
342,1
2073,1
1104,1
338,1
1029,1
425,1
2842,1
4149,1
384,1
88,1
5121,1
8643,1
1673,1
1595,1
257,1
248,1
8734,1
6729,1
42687,1
1781,1
28185,1
139,1
246,1
225,1
7777,1
6141,1
6422,1
1627,1
1688,1
2468,1
1001,1
166,1
1648,1
4399,1
3037,1
2659,1
1018,1
769,1
235,1
13782,1
3776,1
462,1
9863,1
865,1
813,1
2383,1
12790,1
1363,1
882,1
1124,1
1817,1
2164,1
15800355,1
105891,1
698,1
4341,1
281,1
12393,1
718,1
6387,1
1074,1
2959,1
2293,1
7924,1
805,1
6253,1
1078,1
3714,1
8269,1
1875,1
539,1
52784,1
1909,1
319,1
12988,1
1367,1
929,1
35351,1
1163,1
1685,1
2915,1
1545,1
41516,1
150,1
1514,1
12334,1
26621,1
279,1
4975,1
1926,1
1867,1
838,1
7974,1
7972,1
1322,1
1512,1
1107,1
9923,1
6749,1
850,1
2676,1
1412,1
7678,1
581,1
1111,1
6047,1
569,1
888,1
9278,1
3000,1
18956,1
566,1
717,1
13877,1
1087,1
7928,1
511,1
3945,1
866,1
1000,1
356,1
9198,1
784,1
9591,1
1449,1
403,1
11335,1
69756,1
5698,1
20455,1
1068,1
5763,1
5862,1
3379,1
1400,1
254,1
1314,1
5638,1
4620,1
4634,1
1699,1
244,1
2754,1
1467,1
758,1
6894,1
3167,1
1309,1
56744,1
1812,1
1227,1
435,1
6689,1
2232,1
2605,1
2047,1
957,1
6444,1
7908,1
3892,1
1254,1
3547,1
373,1
55,1
614,1
544,1
1397,1
13336,1
2142,1
13220,1
6871,1
942,1
2482,1
543,1
826,1
37539,1
4400,1
1310,1
332,1
1113,1
3334,1
17320,1
4369,1
7697,1
892076,1
782,1
1223,1
999,1
42986,1
3441,1
21401,1
655,1
952,1
1044,1
200,1
6314,1
2440,1
13771,1
1062,1
334,1
2532,1
42662,1
182,1
3134,1
1585,1
2302,1
668,1
1058,1
1910,1
12739,1
1664,1
3814,1
1798,1
1715,1
5347,1
13523,1
9762,1
2054,1
2117,1
3482,1
1510,1
171,1
747,1
6431,1
15840,1
49,1
2578,1
4813,1
14162,1
514,1
75234,1
290,1
3837,1
19020,1
1753,1
1408,1
19397,1
163,1
25181,1
10372,1
783,1
286,1
2507,1
864,1
87919,1
1109,1
2780,1
269,1
1379,1
899,1
604,1
3022,1
308,1
1847,1
842,1
887,1
1184,1
6433,1
7427,1
15011,1
1139,1
1402,1
3494,1
3555,1
778,1
12401,1
3562,1
622,1
2423,1
4915,1
1719,1
1565,1
1315,1
3840,1
1027,1
1613,1
24142,1
17573,1
125,1
3511,1
2194,1
1248,1
4631,1
1080,1
2620,1
560,1
11436,1
2591,1
3710,1
1496,1
5855,1
1914,1
3880,1
692,1
2103,1
173,1
1563,1
505,1
3297,1
194,1
4963,1
973,1
3642,1
24891,1
1324,1
924,1
1370,1
860,1
374,1
1318,1
1162,1
2500,1
3272,1
8122,1
3254,1
1401,1
4913,1
5185,1
6493,1
651,1
1093,1
1333,1
960,1
5291,1
223,1
27604,1
165,1
81,1
315,1
3395,1
10775,1
1455,1
1638,1
687,1
272,1
8007,1
1417,1
436,1
648,1
18849,1
5691,1
2799,1
372,1
6539,1
81636,1
1630,1
133,1
7173,1
17704,1
523,1
4455,1
1500,1
26789,1
1396,1
45427,1
12648,1
380,1
750,1
829,1
327,1
2000,1
1539,1
4156,1
285,1
1281,1
2001,1
4606,1
647,1
4481,1
7480,1
11542,1
2161,1
708,1
1028,1
545,1
16362,1
3896,1
2381,1
457,1
10646,1
1852,1
667,1
56403,1
267,1
1692,1
357,1
5597,1
2332,1
65686,1
1147,1
340,1
4264,1
2239,1
1268,1
39045,1
1286,1
751,1
484,1
1394,1
1159,1
10582,1
1755,1
394,1
22196,1
4836,1
525,1
3451,1
428,1
6312,1
9962,1
553,1
72,1
1994,1
12914,1
2177,1
30657,1
2968,1
13983,1
63275,1
5181,1
616,1
17565,1
2407,1
1901,1
6929,1
5978,1
2716,1
1004,1
4962,1
1989,1
937,1
510,1
3609,1
444,1
53995,1
1792,1
527,1
1032,1
725,1
5475,1
728,1
82326,1
11620,1
3639,1
6947,1
1660,1
3023,1
9083,1
284,1
1414,1
4097,1
23216,1
745,1
2445,1
892,1
9661,1
9768,1
5479,1
103790,1
4398,1
4843,1
6741,1
387,1
6571,1
640,1
3736,1
2368,1
3648,1
4994,1
4360,1
2271,1
135,1
238,1
547,1
268040,1
917,1
5101,1
2197,1
1208,1
2382,1
1266,1
4700,1
2070,1
5266,1
993,1
31830,1
1406,1
654,1
2115,1
16429,1
2816,1
31695,1
3336,1
11744,1
329,1
1344,1
971,1
1590,1
2771,1
8998,1
4853,1
6716,1
904,1
17466,1
974,1
1420,1
5080,1
31256,1
4725,1
3731,1
1617,1
528,1
467,1
2487,1
218,1
34816,1
339,1
108,1
628,1
587,1
23311,1
1454,1
636,1
5354,1
1356,1
495,1
