1,127
2,94
3,63
4,52
5,46
6,37
7,36
8,33
11,30
15,21
9,18
10,18
13,16
36,16
20,15
19,14
39,14
12,14
14,13
22,12
32,12
17,12
46,12
24,12
65,11
29,11
68,11
56,11
33,11
62,11
18,11
16,11
42,10
43,10
28,10
37,10
23,10
38,10
45,10
40,10
51,9
25,9
98,9
21,9
75,9
74,8
216,8
70,7
237,7
87,7
72,7
242,7
49,7
122,7
59,7
30,6
27,6
155,6
50,6
110,6
145,6
31,6
89,6
141,6
35,6
327,6
140,6
81,6
97,6
117,6
60,6
86,6
73,5
63,5
361,5
137,5
54,5
486,5
34,5
57,5
830,5
116,5
71,5
574,5
41,5
115,5
67,5
142,5
132,5
303,5
480,5
69,5
311,5
53,5
267,5
147,5
151,4
2189,4
158,4
856,4
26,4
575,4
199,4
169,4
744,4
163,4
112,4
113,4
198,4
487,4
130,4
184,4
120,4
94,4
853,4
752,4
190,4
157,4
95,4
161,4
58,4
170,4
226,4
1121,4
96,4
1367,4
546,4
52,4
814,4
114,4
214,4
182,4
128,4
197,4
177,4
632,4
48,4
44,4
383,4
160,4
101,4
213,4
514,4
591,4
55,4
80,4
265,4
329,4
76,4
102,4
465,4
164,4
172,4
314,4
125,4
410,4
298,4
864,4
877,4
180,4
82,4
93,4
285,4
263,4
476,4
91,4
612,4
312,4
84,3
1723,3
2134,3
191,3
1383,3
1228,3
815,3
106,3
1310,3
1189,3
587,3
139,3
896,3
863,3
734,3
348,3
705,3
1243,3
554,3
968,3
316,3
857,3
530,3
414,3
202,3
126,3
196,3
1374,3
485,3
188,3
270,3
293,3
1127,3
325,3
262,3
149,3
768,3
463,3
206,3
894,3
596,3
212,3
638,3
232,3
6190,3
1639,3
773,3
268,3
181,3
363,3
854,3
209,3
143,3
103,3
1426,3
279,3
1230,3
637,3
866,3
608,3
1472,3
2376,3
3445,3
813,3
4019,3
449,3
461,3
718,3
153,3
556,3
364,3
2789,3
356,3
349,3
105,3
581,3
953,3
224,3
247,3
1486,3
127,3
218,3
108,3
323,3
179,3
306,3
448,3
210,3
810,3
283,3
2004,3
580,3
473,3
454,3
440,3
1976,3
288,3
1341,3
171,3
664,3
1387,3
622,3
260,3
321,3
829,3
66,3
154,3
432,3
359,3
954,3
134,3
1369,3
426,3
518,3
3375,3
2257,3
524,3
233,3
360,3
176,3
780,3
1304,3
767,3
1735,3
583,3
135,3
238,3
520,3
1628,3
371,3
195,3
648,3
1579,3
90,3
1413,3
372,3
129,3
133,3
1043,3
494,3
358,3
472,3
1365,3
189,3
1247,3
394,3
47,3
99,3
862,3
770,3
251,3
259,3
758,3
3924,3
261,3
757,3
152,3
5041,3
211,3
1704,3
456,3
335,3
483,3
1180,2
794,2
2758,2
397,2
677,2
4371,2
1360,2
1697,2
1215,2
479,2
2363,2
861,2
6099,2
577,2
7382,2
8675,2
905,2
919,2
491,2
2464,2
85,2
332,2
867,2
1340,2
429,2
2498,2
2394,2
626,2
1337,2
1364,2
570,2
4463,2
7193,2
435,2
576,2
1937,2
909,2
1077,2
1202,2
1919,2
2371,2
1463,2
442,2
278,2
367,2
1537,2
1671,2
1268,2
3174,2
347,2
1547,2
9892,2
6950,2
25697,2
2364,2
736,2
299,2
385,2
4478,2
5311,2
529,2
228,2
1768,2
274,2
9284,2
500,2
1433,2
836,2
945,2
1087,2
6722,2
427,2
1059,2
399,2
1445,2
2700,2
1041,2
12260,2
2570,2
5148,2
3741,2
222,2
2517,2
9207,2
624,2
421,2
974,2
2130,2
119,2
995,2
988,2
1348,2
1096,2
6380,2
9000,2
902,2
3684,2
737,2
275,2
343,2
2666,2
5642,2
3420,2
2294,2
1956,2
3594,2
417,2
650,2
1343,2
1185,2
1789,2
876,2
600,2
264,2
16280,2
420,2
555,2
10752,2
203,2
10149,2
11355,2
1945,2
3183,2
488,2
1897,2
6925,2
2894,2
1858,2
124,2
4761,2
215,2
6104,2
1191,2
193,2
258,2
320,2
221,2
882,2
107,2
1739,2
178,2
353,2
1164,2
610,2
341,2
239,2
661,2
2107,2
4166,2
1453,2
4764,2
621,2
2553,2
8286,2
174,2
3646,2
712,2
236,2
28360,2
1629,2
276,2
592,2
1250,2
1334,2
150,2
1955,2
7922,2
208,2
248,2
88,2
977,2
671,2
1576,2
377,2
3143,2
929,2
8837,2
146,2
1849,2
434,2
2016,2
1757,2
1099,2
1085,2
462,2
307,2
833,2
304,2
4050,2
334,2
1062,2
1536,2
1284,2
538,2
4401,2
719,2
1074,2
1297,2
2745,2
187,2
561,2
816,2
838,2
464,2
6290,2
2064,2
452,2
537,2
3236,2
870,2
490,2
1517,2
1822,2
3567,2
403,2
975,2
623,2
104,2
3130,2
375,2
3282,2
517,2
8736,2
1172,2
318,2
1412,2
131,2
903,2
411,2
324,2
481,2
168,2
3145,2
1295,2
5306,2
3379,2
1314,2
2511,2
1764,2
392,2
611,2
294,2
654,2
100,2
683,2
1357,2
1736,2
333,2
339,2
1130,2
1469,2
3103,2
1126,2
4697,2
6523,2
1569,2
1244,2
352,2
225,2
1308,2
981,2
682,2
220,2
1155,2
819,2
441,2
2424,2
1255,2
590,2
6710,2
5828,2
930,2
61,2
2312,2
957,2
3392,2
715,2
1977,2
776,2
292,2
1372,2
1090,2
6121,2
2463,2
2392,2
1044,2
295,2
5321,2
192,2
1122,2
841,2
156,2
543,2
2352,2
2087,2
2133,2
1091,2
1510,2
2117,2
2025,2
906,2
2304,2
1619,2
1468,2
1166,2
5671,2
893,2
1125,2
1248,2
2194,2
2659,2
1018,2
1171,2
380,2
4572,2
1802,2
1635,2
2910,2
1596,2
645,2
5115,2
1699,2
3550,2
1198,2
244,2
2866,2
175,2
1507,2
2683,2
269,2
83,2
711,2
6318,2
3531,2
503,2
4616,2
2430,2
568,2
3714,2
1681,2
1078,2
805,2
6668,2
78,2
433,2
428,2
1886,2
3075,2
3085,2
955,2
745,2
684,2
506,2
533,2
1156,2
1499,2
983,2
607,2
1300,2
2872,2
2902,2
7868,2
2385,2
1824,2
3028,2
6959,2
2432,2
1182,2
4160,2
782,2
2391,2
3626,2
860,2
681,2
1633,2
4360,2
2067,2
6927,2
1142,2
183,2
2019,2
1791,2
313,2
3614,2
1385,2
4078,2
3074,2
436,2
25816,2
2200,2
2950,2
165,2
7558,2
1946,2
709,2
1852,2
851,2
17130,2
620,2
1907,2
674,2
597,2
297,2
4180,2
1019,2
1502,2
1841,2
3467,2
1008,2
3920,2
2614,2
350,2
695,2
1828,2
121,2
824,2
2548,2
1004,2
616,2
5978,2
3627,2
1904,2
1094,2
4811,2
1293,2
578,2
566,2
8990,2
1106,2
1916,2
1349,2
1394,2
1443,2
2644,2
669,2
937,2
444,2
64,2
4784,2
4103,2
366,2
4198,2
625,2
2626,2
956,2
3146,2
1656,2
6392,2
4196,2
317,2
835,2
667,2
4565,2
3220,2
1990,2
4341,2
2978,2
336,2
3928,2
425,2
1214,2
340,2
8962,2
3907,2
1294,2
1093,2
759,2
651,2
2411,2
640,2
354,2
2928,2
2012,1
12423,1
30458,1
6969,1
5891,1
29964,1
4834,1
9096,1
4086,1
55105,1
2289,1
107243,1
394396,1
8789,1
10784,1
12060,1
401,1
5003,1
16927,1
5676,1
7189,1
8885,1
2751,1
1382,1
708,1
3568,1
60471,1
10601,1
10114,1
1083,1
1331,1
1884,1
15281,1
5197,1
1700,1
3498,1
3331,1
2582,1
900,1
6347,1
13040,1
1570,1
5239,1
2920,1
22484,1
796,1
1623,1
6003,1
48996,1
61341,1
1693,1
2281,1
1516,1
16974,1
933,1
29179,1
22823,1
5473,1
9142,1
7933,1
2255,1
389,1
5605,1
4413,1
10710,1
14813,1
16900,1
11953,1
6184,1
14521,1
4559,1
2720,1
32418,1
13183,1
5690,1
77,1
3800,1
2895,1
16441,1
5418,1
3106,1
134151,1
33090,1
6892,1
1806,1
116139,1
315835,1
2040,1
6721,1
23116,1
474,1
2453,1
19771,1
2529,1
4823,1
13723,1
5838,1
2057,1
210681,1
1422,1
3772,1
3461,1
1525,1
3722,1
848,1
7138,1
14924,1
37109,1
2340,1
4027,1
2898,1
6876,1
38303,1
585,1
4301,1
4750,1
1103,1
1046,1
9890,1
1366,1
2120,1
3783,1
9513,1
2809,1
22834,1
119744,1
7893,1
29690,1
16173,1
10342,1
3644,1
7155,1
13349,1
9893,1
17604,1
3900,1
1404,1
62080,1
19824,1
7216,1
2808,1
10248,1
4383,1
56013,1
4400,1
9553,1
1556,1
2805,1
1456,1
3917,1
4448,1
24146,1
1947,1
7498,1
69807,1
2625,1
37893,1
1544,1
636,1
846,1
20353,1
2406,1
4594,1
225094,1
4415,1
8576,1
38474,1
8188,1
628,1
48946,1
8220,1
49014,1
29792,1
27380,1
221487,1
10247,1
2586,1
4456,1
15490,1
8527,1
15143,1
466,1
9502,1
1242,1
10311,1
6837,1
216675,1
194,1
3880,1
9848,1
14140,1
3959,1
505,1
1922,1
36512,1
52765,1
5855,1
1914,1
173,1
3933,1
35317,1
1045,1
3897,1
7808,1
1498,1
5600,1
12154,1
35126,1
9420,1
13500,1
10129,1
12487,1
83732,1
34436,1
32619,1
17522,1
1770,1
9081,1
4507,1
82361,1
3426,1
2442,1
477,1
4520,1
3374,1
7211,1
13088,1
13777,1
2698,1
1335,1
4252,1
3040,1
7799,1
1161,1
3999,1
28939,1
7975,1
2242,1
28860,1
319,1
901,1
23562,1
1316,1
2079,1
9586,1
17563,1
2628,1
1845,1
1875,1
12262,1
33800,1
10046,1
4164,1
404,1
1118,1
6071,1
1040,1
15994,1
2080,1
4358,1
6265,1
6712,1
691,1
2568,1
2308,1
19777,1
1908,1
10449,1
3983,1
44639,1
2537,1
8501,1
13253,1
2516,1
3817,1
14021,1
6689,1
1900,1
14667,1
4305,1
1451,1
195315,1
27833,1
8271,1
5280,1
7277,1
7693,1
84994,1
7474,1
7751,1
32696,1
18603,1
8848,1
5455,1
3390,1
1219,1
1283,1
2939,1
5741,1
847,1
30634,1
415,1
19858,1
36767,1
11085,1
2940,1
7872,1
36936,1
20792,1
287,1
2486,1
30593,1
4905,1
14779,1
2520,1
45017,1
11334,1
1936,1
7146,1
22882,1
15709,1
47475,1
4509,1
1447,1
2551,1
926,1
965,1
1217,1
4082,1
32116,1
1782,1
24459,1
1951,1
4848,1
6300,1
84295,1
270310,1
25567,1
16281,1
3788,1
1384,1
39955,1
920,1
6174,1
12188,1
4053,1
14109,1
897,1
7606,1
7520,1
407,1
1476,1
10435,1
5403,1
2191,1
48887,1
2660,1
6044,1
241,1
5364,1
1740,1
12863,1
602,1
7408,1
4762,1
564,1
3491,1
1753,1
10436,1
4352,1
4675,1
4710,1
2838,1
16881,1
727,1
13179,1
3073,1
15306,1
92,1
4418,1
230,1
4283,1
1408,1
39009,1
19668,1
652,1
11685,1
2655,1
123829,1
8948,1
6492,1
9837,1
9228,1
9348,1
6605,1
15579,1
12809,1
831,1
8187,1
1738,1
2403,1
141149,1
167,1
17219,1
2672,1
4131,1
83275,1
2681,1
6313,1
10287,1
12929,1
1338,1
5279,1
13185,1
20249,1
2263,1
8264,1
19978,1
4935,1
3200,1
17866,1
724,1
2317,1
5871,1
2489,1
3930,1
3368,1
3939,1
13606,1
2014,1
9229,1
1988,1
2497,1
7935,1
13264,1
34137,1
889,1
8782,1
114791,1
2473,1
932,1
75510,1
12029,1
39862,1
10330,1
1972,1
1050,1
7826,1
2439,1
1157,1
2737,1
201530,1
3095,1
10398,1
2210,1
1037,1
4792,1
16042,1
423,1
8247,1
748,1
806,1
1278,1
20586,1
14234,1
9806,1
6461,1
6331,1
3692,1
3787,1
2116,1
5142,1
13556,1
3696,1
2807,1
2854,1
693,1
1483,1
11214,1
2643,1
2069,1
25883,1
858,1
41654,1
1687,1
19774,1
21298,1
2724,1
18832,1
7845,1
635,1
3161,1
532,1
4139,1
9778,1
2929,1
4051,1
6999,1
12820,1
3311,1
6045,1
8353,1
67055,1
1540,1
2581,1
3155,1
1145,1
3845,1
1409,1
2184,1
9632,1
32204,1
39542,1
1551,1
17558,1
1371,1
19483,1
66569,1
1642,1
19479,1
11988,1
27593,1
17907,1
1810,1
686,1
34264,1
1795,1
39237,1
852,1
1935,1
14555,1
1016,1
14201,1
2887,1
1921,1
14124,1
37307,1
12860,1
6555,1
3869,1
56458,1
3382,1
5888,1
23406,1
2088,1
3296,1
4161,1
2881,1
3636,1
4354,1
1567,1
1899,1
9004,1
3399,1
5453,1
5230,1
9925,1
14749,1
39240,1
6957,1
4932,1
21515,1
28991,1
1816,1
4999,1
6763,1
1895,1
4859,1
10540,1
10671,1
123103,1
2071,1
8453,1
1038,1
2764,1
22806,1
7919,1
4020,1
2137,1
5127,1
1440,1
13996,1
4185,1
12124,1
119281,1
8089,1
395,1
1420,1
2335,1
4756,1
4906,1
379,1
5301,1
1005,1
1207,1
777,1
6581,1
940,1
10338,1
7206,1
186,1
7306,1
2092,1
5659,1
15762,1
16151,1
4045,1
1345,1
1327,1
1113,1
1707,1
5247,1
3386,1
3343,1
8562,1
1213,1
136,1
3918,1
2377,1
7352,1
1002,1
9279,1
513,1
114418,1
45628,1
125593,1
25434,1
13791,1
3258,1
1728,1
5581,1
7953,1
1329,1
1319,1
1460,1
2309,1
10259,1
27154,1
5240,1
5947,1
7566,1
6647,1
10418,1
629,1
439,1
47141,1
1967,1
23020,1
3054,1
191600,1
8886,1
3964,1
8361,1
21802,1
8802,1
1964,1
706,1
4006,1
14431,1
11642,1
3519,1
69149,1
15931,1
9941,1
10724,1
38686,1
3587,1
4374,1
478,1
482,1
618,1
43181,1
2113,1
4553,1
8027,1
450,1
3969,1
595,1
386,1
61497,1
15346,1
4860,1
13615,1
10560,1
6473,1
7342,1
4542,1
8773,1
9097,1
779,1
20475,1
970,1
12699,1
3175,1
10462,1
25147,1
7689,1
23365,1
229,1
8888,1
3671,1
2593,1
1969,1
19382,1
2196,1
1212,1
6915,1
2153,1
3173,1
1119,1
3136,1
3742,1
2192,1
2021,1
7040,1
6639,1
18070,1
1571,1
17759,1
9938,1
3841,1
99680,1
144,1
8314,1
388,1
6549,1
4557,1
2623,1
18118,1
1051,1
34466,1
2223,1
4095,1
14423,1
9776,1
13545,1
7099,1
1089,1
696,1
5520,1
4034,1
6393,1
2077,1
1110,1
1210,1
2841,1
33350,1
3791,1
38475,1
11461,1
4159,1
7159,1
8630,1
5005,1
961,1
2149,1
7833,1
143521,1
1632,1
5334,1
76442,1
201,1
7856,1
402,1
4324,1
20271,1
5189,1
2185,1
1975,1
1405,1
6447,1
20239,1
8083,1
4664,1
1252,1
595244,1
5169,1
2106,1
11550,1
10170,1
3110,1
118183,1
9716,1
6776,1
1482,1
122629,1
6455,1
1891,1
103819,1
2527,1
14211,1
2922,1
41093,1
17089,1
962,1
5757,1
4434,1
26226,1
1282,1
59547,1
4302,1
38590,1
2862,1
2059,1
4357,1
7368,1
3781,1
48888,1
37930,1
7955,1
5940,1
5256,1
5237,1
4151,1
34351,1
3432,1
1347,1
5249,1
1530,1
6784,1
2168,1
8038,1
3319,1
1602,1
15821,1
28247,1
8975,1
173662,1
21626,1
7009,1
8268,1
4208,1
17509,1
2531,1
3538,1
249591,1
8147,1
13379,1
16777,1
28911,1
26837,1
10538,1
4069,1
1361,1
2963,1
20688,1
10768,1
14979,1
2414,1
376,1
516,1
9252,1
9196,1
13239,1
3372,1
4293,1
562,1
5122,1
925,1
2924,1
3098,1
30546,1
11416,1
589,1
1833,1
1246,1
699,1
2297,1
5582,1
20789,1
7992,1
58920,1
12178,1
22022,1
5706,1
586,1
75652,1
2097,1
843,1
1441,1
1135,1
6780,1
15167,1
29249,1
1608,1
35884,1
4380,1
27006,1
9972,1
6383,1
9406,1
7388,1
25463,1
87245,1
4024,1
912,1
37035,1
1721,1
369,1
760,1
3877,1
915,1
6564,1
8303,1
443,1
10643,1
24404,1
18616,1
5272,1
1669,1
4997,1
1934,1
5384,1
365,1
6221,1
73302,1
3513,1
24327,1
3858,1
1731,1
6205,1
948,1
20785,1
7205,1
2043,1
4018,1
9107,1
38816,1
6317,1
3664,1
35364,1
20280,1
11621,1
3463,1
3827,1
18549,1
2207,1
14285,1
25184,1
5054,1
9924,1
57796,1
4863,1
9455,1
10465,1
4411,1
23626,1
6875,1
4058,1
45564,1
2362,1
3345,1
665,1
883,1
4088,1
17451,1
255,1
4715,1
1098,1
266,1
37256,1
7000,1
2291,1
5613,1
105029,1
14196,1
19527,1
3607,1
9178,1
424,1
3042,1
2420,1
162211,1
11026,1
7033,1
24081,1
1698,1
702,1
2444,1
62537,1
8023,1
67334,1
3870,1
1761,1
6153,1
234,1
3502,1
891,1
1923,1
1437,1
6385,1
17716,1
1060,1
5125,1
3922,1
10172,1
5879,1
2786,1
4213,1
3514,1
370,1
3541,1
4651,1
1274,1
2763,1
703,1
4318,1
2555,1
17156,1
642,1
8956,1
9516,1
4515,1
35845,1
825,1
2885,1
1641,1
15890,1
13716,1
23729,1
2412,1
43909,1
3238,1
946,1
9873,1
14294,1
39076,1
4493,1
1267,1
2741,1
4671,1
2287,1
227873,1
14948,1
2180,1
7556,1
3004,1
9158,1
2240,1
7327,1
2338,1
28508,1
11058,1
5993,1
14820,1
35068,1
10140,1
1545,1
1800,1
14258,1
6015,1
3253,1
36005,1
2769,1
405,1
2704,1
4005,1
384,1
257,1
3581,1
36131,1
16472,1
519,1
3046,1
2563,1
2673,1
33838,1
12705,1
7536,1
4109,1
726,1
16391,1
5105,1
430,1
6965,1
3485,1
40483,1
5896,1
1997,1
6513,1
5824,1
3882,1
30454,1
2318,1
12519,1
207,1
10150,1
511,1
7928,1
9580,1
1321,1
6164,1
4238,1
4804,1
9724,1
24684,1
8167,1
16168,1
743,1
1609,1
1218,1
2534,1
2413,1
9235,1
3274,1
19183,1
18121,1
1136,1
8504,1
10962,1
6115,1
859,1
81708,1
19970,1
8208,1
42447,1
35228,1
27761,1
2066,1
25165,1
2714,1
1263,1
4534,1
5494,1
346,1
3558,1
694,1
2790,1
1826,1
3431,1
4746,1
19117,1
1299,1
880,1
5567,1
2742,1
7343,1
5631,1
2110,1
1963,1
5058,1
10229,1
2853,1
13221,1
8231,1
8309,1
17463,1
354326,1
3148,1
678,1
2234,1
714,1
124110,1
7631,1
9564,1
163271,1
3300,1
1948,1
45492,1
1100,1
5969,1
3887,1
23619,1
17484,1
50282,1
13719,1
11404,1
42593,1
8276,1
23269,1
865,1
235,1
1206,1
21573,1
1855,1
2884,1
29280,1
5834,1
2556,1
48194,1
499,1
84173,1
26870,1
2051,1
1473,1
1273,1
51253,1
5484,1
10320,1
153273,1
3038,1
3780,1
41271,1
82201,1
3769,1
14871,1
5341,1
1622,1
1024,1
16782,1
1478,1
4457,1
658,1
7285,1
1506,1
3134,1
6603,1
4544,1
1245,1
3184,1
15444,1
6167,1
10789,1
512,1
1585,1
12133,1
6090,1
113550,1
19473,1
3984,1
30294,1
6387,1
3361,1
21051,1
1953,1
2925,1
13517,1
64835,1
7920,1
7598,1
35270,1
845,1
4188,1
5941,1
10053,1
1733,1
13898,1
21834,1
5293,1
1918,1
10542,1
166952,1
34791,1
1647,1
28672,1
2707,1
2382,1
15402,1
8862,1
7508,1
1266,1
7720,1
252,1
3449,1
1208,1
15848,1
3807,1
1487,1
1566,1
29286,1
30673,1
36406,1
3793,1
501,1
6628,1
29071,1
11724,1
13841,1
2305,1
15157,1
911,1
54789,1
2958,1
1926,1
17504,1
697,1
4029,1
3995,1
1239,1
21578,1
1867,1
2670,1
4199,1
9457,1
15200,1
31690,1
4576,1
5102,1
1435,1
5966,1
20705,1
18835,1
277094,1
6938,1
6620,1
1066,1
1864,1
784,1
2840,1
2286,1
78212,1
7050,1
871,1
5106,1
2036,1
1000,1
5171,1
6751,1
8184,1
45262,1
3935,1
9922,1
7658,1
1232,1
25990,1
1075,1
1151,1
515,1
6359,1
368,1
2296,1
219,1
103550,1
36619,1
18601,1
196668,1
45224,1
5830,1
65114,1
30895,1
3113,1
9055,1
185,1
6127,1
4582,1
2366,1
43056,1
1054,1
1774,1
2072,1
16294,1
27091,1
16919,1
84716,1
4531,1
2221,1
5956,1
3360,1
3115,1
673,1
15866,1
37449,1
4309,1
10648,1
13380,1
2919,1
2315,1
6060,1
301,1
3770,1
12426,1
2951,1
27778,1
9758,1
19013,1
13702,1
2932,1
548,1
7870,1
4966,1
3323,1
5688,1
4259,1
2205,1
2405,1
749,1
1400,1
8444,1
53309,1
1754,1
2006,1
6186,1
950,1
3070,1
1558,1
10731,1
7119,1
3048,1
797,1
37335,1
6446,1
9118,1
3178,1
8971,1
13304,1
2090,1
11094,1
24800,1
4820,1
38426,1
5439,1
7113,1
49947,1
451,1
15947,1
2131,1
73961,1
10116,1
418775,1
4601,1
800,1
5088,1
1406,1
5833,1
2813,1
1488,1
2604,1
2914,1
5085,1
18104,1
8138,1
42317,1
947,1
540,1
471,1
10525,1
35105,1
10253,1
21901,1
1617,1
20302,1
27447,1
6782,1
5487,1
17012,1
9781,1
467,1
528,1
6344,1
2503,1
11000,1
9705,1
746,1
11927,1
29991,1
18432,1
1007,1
8608,1
123,1
13289,1
641,1
951,1
52158,1
18436,1
5367,1
7409,1
57586,1
27253,1
3294,1
1047,1
1079,1
12204,1
7319,1
6543,1
934,1
5785,1
1726,1
1877,1
1534,1
3947,1
890,1
25205,1
2610,1
3150,1
72941,1
2050,1
23255,1
9506,1
17176,1
328,1
6789,1
2778,1
1998,1
21806,1
2195,1
205,1
5159,1
10832,1
13751,1
45918,1
6011,1
994,1
8952,1
22049,1
559,1
2013,1
15686,1
9524,1
2199,1
7066,1
3651,1
1866,1
22357,1
37802,1
4737,1
1577,1
5151,1
20603,1
10867,1
4312,1
54223,1
1084,1
688,1
1354,1
17761,1
1842,1
16999,1
18486,1
3520,1
795,1
249,1
822,1
2918,1
6666,1
5555,1
5324,1
8379,1
557,1
10663,1
7551,1
58514,1
24237,1
1424,1
33327,1
1222,1
10935,1
5146,1
3338,1
7898,1
2163,1
3685,1
4982,1
90734,1
1117,1
11857,1
2674,1
22924,1
9961,1
3170,1
15387,1
5705,1
1968,1
2735,1
8778,1
12546,1
3895,1
71303,1
69680,1
24705,1
17631,1
604,1
308,1
11373,1
1568,1
2401,1
10787,1
5207,1
1305,1
7907,1
2260,1
1221,1
36493,1
7284,1
6227,1
1572,1
1772,1
7278,1
15278,1
6210,1
9883,1
6372,1
4021,1
3547,1
41020,1
1254,1
42081,1
3892,1
941,1
7794,1
215239,1
2669,1
45877,1
2495,1
15135,1
5361,1
114769,1
5016,1
55161,1
2359,1
111690,1
1465,1
10689,1
431,1
48969,1
6325,1
49883,1
5329,1
23724,1
42469,1
4629,1
7643,1
567,1
7082,1
11350,1
1432,1
2416,1
7186,1
16251,1
3057,1
4025,1
2206,1
10113,1
5914,1
46022,1
19764,1
10275,1
34963,1
3063,1
8469,1
14747,1
22191,1
521,1
6391,1
9344,1
2831,1
550,1
5565,1
2435,1
65050,1
87926,1
19701,1
4880,1
3556,1
952,1
30672,1
2858,1
2111,1
32994,1
5742,1
337,1
921,1
38585,1
653,1
573,1
8893,1
12227,1
7948,1
2350,1
2224,1
1880,1
1192,1
13434,1
3967,1
9001,1
7695,1
11649,1
1107,1
25600,1
159786,1
6234,1
16894,1
6930,1
46459,1
1146,1
11748,1
8927,1
5768,1
3488,1
7895,1
5091,1
689062,1
2654,1
69770,1
35909,1
26753,1
3277,1
4678,1
31415,1
942,1
826,1
2856,1
502420,1
2746,1
2952,1
6232,1
5168,1
12386,1
5316,1
2990,1
3475,1
3927,1
12183,1
1798,1
5722,1
12918,1
14395,1
1664,1
3087,1
7971,1
1225,1
2539,1
1120,1
9116,1
16356,1
104588,1
12857,1
2044,1
1889,1
2592,1
66766,1
11727,1
2730,1
437,1
5092,1
108653,1
1291,1
6181,1
803,1
4769,1
5162,1
1423,1
7569,1
4002,1
22775,1
7593,1
13265,1
16331,1
9538,1
1655,1
3413,1
5959,1
331,1
19229,1
4964,1
3027,1
1818,1
3683,1
3572,1
1518,1
7857,1
2054,1
5437,1
3957,1
34838,1
43754,1
792,1
4881,1
8465,1
6343,1
22291,1
747,1
544,1
4364,1
39406,1
1538,1
10598,1
614,1
21126,1
6945,1
11751,1
5548,1
21254,1
336107,1
1289,1
1102,1
280,1
2002,1
2045,1
79873,1
4056,1
996,1
1584,1
18410,1
3862,1
322,1
1725,1
2591,1
5158,1
14620,1
10254,1
1496,1
5433,1
639,1
37688,1
24163,1
7648,1
20710,1
2104,1
14818,1
25454,1
1801,1
3710,1
3859,1
2620,1
5338,1
27887,1
3494,1
9625,1
13739,1
5227,1
4742,1
1533,1
807,1
5540,1
5793,1
15708,1
2423,1
774,1
1402,1
3249,1
12456,1
1648,1
2904,1
10164,1
7168,1
9174,1
2468,1
3255,1
14009,1
753,1
468,1
3037,1
48791,1
740,1
12179,1
6116,1
1001,1
6271,1
4399,1
3952,1
12408,1
750,1
74158,1
23586,1
19178,1
3160,1
5646,1
14641,1
2693,1
400,1
5867,1
37318,1
4775,1
51843,1
1303,1
3871,1
8804,1
1031,1
6052,1
1063,1
2457,1
1097,1
1751,1
28162,1
1565,1
13535,1
112110,1
331736,1
1315,1
422,1
3840,1
1719,1
8430,1
10523,1
1027,1
3358,1
11551,1
4945,1
1399,1
14401,1
4337,1
344,1
109941,1
11538,1
2248,1
3695,1
1709,1
12056,1
34281,1
1593,1
13774,1
8182,1
1292,1
15127,1
16299,1
2160,1
2913,1
8029,1
3090,1
4993,1
1611,1
17191,1
245,1
8506,1
11722,1
5448,1
3773,1
17968,1
14336,1
7970,1
11444,1
22992,1
1081,1
7209,1
14769,1
3336,1
2943,1
4782,1
25686,1
1386,1
4846,1
80879,1
11788,1
1784,1
6510,1
4814,1
2144,1
59238,1
10025,1
6657,1
11930,1
42282,1
5627,1
4721,1
1350,1
8153,1
3172,1
875,1
1528,1
1301,1
8018,1
2502,1
99438,1
821,1
931,1
3993,1
82271,1
6677,1
9038,1
3601,1
1580,1
5020,1
2870,1
56063,1
1265,1
8820,1
2333,1
12050,1
17097,1
4771,1
16880,1
7363,1
1892,1
4842,1
9500,1
11954,1
3395,1
687,1
3716,1
271914,1
2719,1
272,1
20081,1
9593,1
765,1
183981,1
4766,1
30453,1
16997,1
8642,1
15989,1
10919,1
3656,1
1053,1
5858,1
3819,1
8095,1
4714,1
9208,1
613,1
9381,1
2148,1
12912,1
8639,1
973,1
4897,1
6484,1
1370,1
3708,1
23674,1
5728,1
5819,1
14477,1
16497,1
1515,1
10230,1
4841,1
8735,1
16540,1
3281,1
4788,1
10545,1
553,1
3451,1
8744,1
672,1
7542,1
2208,1
6435,1
41698,1
10493,1
904,1
9907,1
8617,1
12577,1
3585,1
4853,1
1072,1
4183,1
1020,1
7954,1
2762,1
30010,1
892,1
13531,1
47777,1
9480,1
2330,1
5789,1
2220,1
2445,1
45670,1
2557,1
83002,1
827,1
1203,1
679,1
28102,1
22511,1
9853,1
9494,1
1995,1
7385,1
4260,1
3402,1
3171,1
1416,1
10174,1
3264,1
3260,1
2290,1
11540,1
47842,1
63323,1
2997,1
6903,1
2005,1
30476,1
289,1
39551,1
1615,1
5990,1
15700,1
670,1
8155,1
12556,1
2823,1
3221,1
29868,1
27996,1
28450,1
2863,1
4744,1
4832,1
14125,1
8984,1
495,1
8432,1
21916,1
8645,1
3551,1
5250,1
4387,1
4454,1
1720,1
1194,1
4137,1
579,1
19316,1
2494,1
2262,1
13647,1
6755,1
84447,1
4106,1
5619,1
7671,1
15822,1
233253,1
2217,1
8306,1
25792,1
733,1
7495,1
1359,1
2122,1
10994,1
14337,1
13118,1
935,1
4186,1
1170,1
2725,1
286,1
13827,1
1311,1
1869,1
5780,1
840,1
25030,1
5538,1
4074,1
10823,1
3826,1
9422,1
1223,1
5312,1
5624,1
4057,1
22151,1
301632,1
6466,1
5022,1
78850,1
28207,1
999,1
8905,1
8021,1
17800,1
4102,1
73321,1
9912,1
4596,1
4007,1
565,1
41059,1
35573,1
4392,1
7938,1
6993,1
3890,1
29450,1
3001,1
1014,1
23356,1
4230,1
25909,1
1375,1
3739,1
6801,1
19628,1
16255,1
9069,1
4280,1
4884,1
1489,1
3077,1
4223,1
7931,1
884,1
1306,1
5530,1
11624,1
13190,1
657,1
8100,1
5950,1
6699,1
10827,1
32039,1
2271,1
29363,1
2187,1
2599,1
11317,1
2729,1
809,1
36549,1
1032,1
3730,1
527,1
45201,1
12908,1
2574,1
7703,1
7454,1
14612,1
3833,1
9575,1
7250,1
7144,1
9492,1
1575,1
1938,1
10155,1
1148,1
2636,1
7161,1
913,1
167552,1
17610,1
3762,1
7685,1
11022,1
1034,1
4543,1
1138,1
33199,1
3228,1
78666,1
1209,1
1226,1
22088,1
2272,1
1767,1
10142,1
10680,1
701,1
10606,1
2767,1
5958,1
19057,1
15040,1
17479,1
7182,1
6726,1
310,1
6696,1
12488,1
393,1
6377,1
1030,1
40213,1
6114,1
6299,1
2454,1
2847,1
2528,1
11411,1
1686,1
4105,1
5568,1
8227,1
15058,1
8844,1
1557,1
12051,1
1913,1
603,1
2678,1
1971,1
722,1
7529,1
57469,1
3604,1
7574,1
3344,1
811,1
3649,1
26585,1
20090,1
46651,1
11413,1
1417,1
3241,1
12858,1
11467,1
38010,1
3694,1
8594,1
12007,1
1881,1
61518,1
54072,1
1701,1
47622,1
12604,1
159,1
6269,1
457,1
690,1
3107,1
4450,1
31086,1
33656,1
6048,1
5972,1
5076,1
256,1
14370,1
12883,1
21037,1
19216,1
2125,1
22349,1
8559,1
3116,1
22720,1
3744,1
21804,1
17518,1
10489,1
4470,1
6791,1
24515,1
5474,1
6561,1
3310,1
3177,1
2785,1
1630,1
3307,1
38839,1
663,1
351,1
7173,1
2837,1
4852,1
6539,1
12675,1
2055,1
1763,1
11892,1
9948,1
9041,1
7192,1
3055,1
47520,1
764,1
1414,1
3968,1
8173,1
2561,1
19447,1
7003,1
284,1
987,1
6462,1
217,1
50668,1
10015,1
34175,1
14685,1
1229,1
10212,1
291,1
4246,1
5939,1
7263,1
2846,1
18474,1
783,1
4030,1
9530,1
9089,1
2589,1
7057,1
1220,1
16846,1
4455,1
11331,1
523,1
8918,1
4209,1
19867,1
609,1
13368,1
1176,1
1943,1
3505,1
20231,1
8052,1
31652,1
12678,1
80456,1
24873,1
11156,1
4427,1
25814,1
24442,1
27097,1
8599,1
13042,1
5181,1
1168,1
5451,1
4760,1
28029,1
5002,1
67006,1
18853,1
26754,1
15039,1
1390,1
3602,1
44009,1
3941,1
9898,1
25276,1
4641,1
4687,1
29846,1
7089,1
14269,1
25190,1
1351,1
10891,1
1411,1
1249,1
3157,1
4333,1
20327,1
4205,1
10066,1
10947,1
1676,1
534,1
7214,1
3154,1
9396,1
7758,1
22324,1
569,1
12986,1
19571,1
10793,1
26341,1
10933,1
5774,1
282,1
2875,1
1281,1
6590,1
1492,1
1702,1
1604,1
3333,1
9189,1
18036,1
37746,1
6896,1
387,1
2993,1
5442,1
885,1
5694,1
71432,1
20932,1
3244,1
18068,1
24016,1
231,1
47751,1
531,1
5812,1
10778,1
356455,1
572,1
972,1
1755,1
148,1
20343,1
4738,1
1159,1
11255,1
3473,1
18466,1
1851,1
3194,1
2321,1
10812,1
1017,1
22597,1
10532,1
3124,1
28709,1
4373,1
72356,1
396,1
1860,1
16413,1
1618,1
1989,1
6001,1
1181,1
5413,1
15986,1
2065,1
1458428,1
9239,1
510,1
6499,1
676,1
630,1
2552,1
799,1
9448,1
10362,1
617,1
10876,1
5380,1
19150,1
9816,1
40703,1
13677,1
1442,1
9499,1
917,1
3678,1
3100,1
18974,1
4320,1
9561,1
2327,1
2361,1
4378,1
8050,1
83940,1
4351,1
2814,1
832,1
11241,1
1006,1
3279,1
3786,1
4449,1
962691,1
3706,1
4734,1
34224,1
21297,1
707,1
17497,1
11750,1
1503,1
204,1
666,1
3359,1
56074,1
1844,1
2962,1
5649,1
1439,1
2246,1
3934,1
1523,1
10770,1
2794,1
949,1
2126,1
29485,1
6126,1
7778,1
273,1
5290,1
10228,1
16903,1
1854,1
1467,1
1033,1
90880,1
16035,1
14710,1
5176,1
2146,1
10434,1
12698,1
13413,1
1645,1
5332,1
21338,1
2595,1
2955,1
1061,1
19857,1
3711,1
398,1
3721,1
19847,1
96432,1
2815,1
20917,1
15751,1
918,1
2462,1
6321,1
660,1
2152,1
1450,1
16123,1
14135,1
29048,1
2060,1
12427,1
44221,1
5114,1
2332,1
11548,1
4075,1
82207,1
3435,1
5920,1
4787,1
12141,1
11008,1
416,1
788,1
36615,1
17693,1
5995,1
7154,1
281,1
70461,1
4499,1
3012,1
26431,1
50175,1
3299,1
3850,1
9547,1
1039,1
2008,1
4899,1
338,1
10562,1
15508,1
1389,1
4016,1
1029,1
685,1
1614,1
11536,1
7977,1
2015,1
3376,1
5923,1
11394,1
5295,1
3045,1
65500,1
7673,1
11337,1
2804,1
11590,1
39023,1
20482,1
5648,1
3894,1
8626,1
2859,1
4743,1
5701,1
6537,1
2121,1
11608,1
739,1
8655,1
17587,1
2267,1
887,1
6924,1
43170,1
2091,1
2078,1
4554,1
12827,1
108762,1
4514,1
5994,1
12532,1
1184,1
34127,1
908,1
1169,1
4367,1
3478,1
6064,1
6616,1
1333,1
5273,1
23846,1
960,1
36869,1
145429,1
109,1
3982,1
25119,1
5776,1
7886,1
11319,1
1610,1
20915,1
5651,1
46482,1
4996,1
3736,1
2726,1
16414,1
