1,4229860
2,561247
3,200252
4,104002
5,64734
6,43895
7,31995
8,24776
9,19471
10,15869
11,13230
12,11041
13,9514
14,8103
15,7170
16,6425
17,5636
18,5016
19,4538
20,4079
21,3742
22,3413
23,3098
24,2976
25,2746
26,2496
27,2343
28,2126
29,2076
30,1907
31,1818
32,1655
33,1548
34,1453
35,1427
36,1304
38,1249
37,1248
39,1168
40,1100
41,1050
42,1029
43,934
44,931
45,899
46,852
49,809
47,807
48,801
50,759
52,685
53,651
51,650
54,601
57,586
56,565
60,548
58,544
55,542
61,525
59,519
62,488
63,467
64,452
67,430
68,428
65,419
66,416
71,391
69,387
70,379
76,354
73,345
72,340
74,321
75,315
77,313
78,309
80,307
79,307
83,295
81,287
84,282
82,265
87,249
89,249
85,248
92,243
86,243
95,238
97,235
88,234
91,230
94,228
90,215
96,213
101,207
99,207
93,202
104,193
98,189
100,188
105,187
103,187
102,181
107,166
106,164
111,163
112,160
110,159
115,158
108,158
113,154
116,152
119,151
114,144
122,143
117,142
121,142
109,142
125,137
128,134
126,133
123,132
127,131
118,129
120,127
141,127
130,124
129,123
135,120
139,119
124,115
137,110
133,110
132,108
134,107
152,102
147,102
131,99
143,99
140,98
136,97
144,96
138,96
145,95
146,94
142,91
156,90
160,88
155,87
150,87
161,86
167,85
172,84
158,83
159,83
188,82
165,82
153,81
162,81
164,81
154,81
151,80
148,79
176,78
149,77
163,76
166,76
174,75
157,73
178,70
169,69
182,69
192,65
184,65
199,65
181,65
171,64
170,64
210,61
205,61
198,61
185,60
168,60
228,59
211,59
175,58
196,57
193,56
183,56
177,56
195,56
189,55
200,55
179,55
180,55
204,54
201,54
203,54
212,53
187,52
216,52
221,52
213,51
191,51
218,51
219,51
207,51
202,51
173,51
186,50
209,50
208,49
240,48
190,47
253,47
224,46
194,46
197,45
214,45
277,45
238,45
229,44
222,44
206,43
244,42
231,42
252,41
234,41
236,41
267,40
226,40
257,40
220,40
264,40
237,40
233,40
239,40
227,39
230,39
215,39
276,38
250,38
232,38
225,38
255,38
251,37
242,37
245,37
241,37
261,36
248,36
235,36
303,35
246,35
296,35
284,35
302,34
269,34
223,34
247,33
318,33
316,33
299,33
265,33
268,32
270,32
309,32
289,32
254,32
256,32
297,31
317,31
291,31
290,31
288,31
314,31
295,30
293,30
282,30
263,30
262,30
271,29
280,28
281,28
294,28
259,28
249,28
272,28
287,28
298,27
258,27
300,27
304,27
279,27
266,26
361,26
274,26
217,25
292,25
411,25
306,25
312,24
275,24
344,24
278,24
286,24
347,24
305,24
343,23
349,23
273,23
409,23
332,23
319,23
335,22
336,22
283,22
367,22
243,22
368,22
321,22
324,22
430,22
363,22
354,22
353,22
350,22
326,21
403,21
285,21
402,21
365,21
260,21
352,21
323,21
374,21
360,21
322,21
341,21
364,20
356,20
333,20
334,20
372,19
427,19
366,19
391,19
375,19
308,19
373,19
396,19
340,19
358,19
400,19
469,19
359,19
331,19
408,19
315,19
313,18
416,18
355,18
388,18
449,18
348,18
310,17
328,17
410,17
370,17
437,17
498,17
494,17
441,17
329,17
386,16
311,16
377,16
490,16
392,16
399,16
301,16
420,16
307,16
419,16
320,16
421,16
476,16
491,16
387,16
474,15
339,15
471,15
417,15
405,15
456,15
325,15
362,15
390,15
327,15
376,15
395,15
426,15
330,15
506,15
709,15
338,14
393,14
357,14
429,14
433,14
384,14
468,14
383,14
444,14
379,14
389,13
445,13
493,13
345,13
443,13
342,13
524,13
458,13
485,13
404,13
432,13
460,13
414,13
401,13
501,12
425,12
486,12
337,12
418,12
615,12
572,12
531,12
484,12
571,12
382,12
378,12
495,12
381,12
665,12
406,12
526,12
415,12
424,12
465,12
385,12
371,12
436,12
346,12
459,12
470,12
351,12
450,11
562,11
439,11
627,11
398,11
628,11
413,11
515,11
461,11
492,11
431,11
516,11
477,11
512,11
789,11
616,11
736,11
518,11
580,11
606,11
594,11
583,11
586,11
528,10
467,10
537,10
508,10
520,10
629,10
573,10
454,10
558,10
496,10
453,10
464,10
533,10
587,10
499,10
394,10
480,10
631,10
514,10
590,10
555,10
527,10
511,10
529,10
557,10
448,10
380,10
423,10
517,10
539,10
481,10
547,10
565,10
489,10
574,10
523,10
609,10
446,10
457,10
447,9
620,9
513,9
611,9
455,9
428,9
607,9
600,9
638,9
568,9
687,9
731,9
605,9
435,9
645,9
504,9
548,9
591,9
612,9
685,9
479,9
630,9
750,9
554,9
407,9
770,9
593,9
483,9
530,8
538,8
634,8
625,8
559,8
613,8
488,8
475,8
833,8
397,8
452,8
509,8
596,8
473,8
440,8
784,8
569,8
566,8
633,8
706,8
654,8
541,8
890,8
369,8
532,8
553,8
412,8
641,8
552,8
621,8
442,8
786,8
778,8
774,8
466,8
713,8
563,8
556,8
507,8
681,8
598,8
640,8
773,8
690,8
851,8
463,8
725,8
522,8
1144,7
650,7
759,7
534,7
859,7
653,7
657,7
451,7
835,7
849,7
561,7
497,7
689,7
947,7
619,7
858,7
792,7
747,7
525,7
683,7
720,7
810,7
519,7
803,7
543,7
751,7
1080,7
503,7
544,7
922,7
702,7
510,7
422,7
1062,7
546,7
694,7
748,7
688,7
601,7
626,7
478,7
434,7
742,7
599,7
763,7
535,7
550,7
603,7
438,7
648,7
502,7
472,7
582,7
811,6
695,6
610,6
844,6
660,6
1131,6
765,6
916,6
1021,6
722,6
500,6
482,6
1020,6
652,6
1003,6
959,6
487,6
651,6
578,6
597,6
579,6
800,6
699,6
589,6
902,6
549,6
655,6
679,6
540,6
804,6
1229,6
575,6
642,6
1129,6
990,6
821,6
602,6
564,6
588,6
893,6
827,6
745,6
724,6
668,6
673,6
585,6
1197,6
712,6
462,6
795,6
670,6
832,6
793,6
708,6
622,6
919,6
829,6
1161,6
801,6
756,6
796,5
718,5
643,5
680,5
581,5
743,5
741,5
584,5
726,5
727,5
697,5
730,5
636,5
820,5
669,5
783,5
735,5
703,5
704,5
604,5
1436,5
1151,5
623,5
693,5
1252,5
1032,5
728,5
752,5
637,5
719,5
1024,5
889,5
1165,5
649,5
860,5
818,5
739,5
987,5
624,5
766,5
714,5
646,5
659,5
872,5
551,5
945,5
1087,5
767,5
848,5
900,5
776,5
536,5
732,5
662,5
953,5
658,5
968,5
744,5
961,5
505,5
749,5
1031,5
567,5
617,5
676,5
976,5
1113,5
710,5
797,5
672,5
1034,5
814,5
791,5
861,5
980,5
663,5
661,5
895,5
675,5
701,5
992,4
1026,4
545,4
542,4
1104,4
870,4
592,4
1185,4
964,4
1050,4
960,4
798,4
873,4
1195,4
1039,4
698,4
929,4
1111,4
1000,4
1864,4
677,4
1047,4
666,4
757,4
828,4
1593,4
967,4
632,4
1054,4
1838,4
952,4
1015,4
647,4
1486,4
746,4
951,4
1317,4
930,4
899,4
983,4
716,4
879,4
2654,4
1191,4
1049,4
979,4
576,4
560,4
1105,4
758,4
671,4
866,4
1217,4
805,4
1863,4
1056,4
1057,4
981,4
682,4
700,4
813,4
865,4
1123,4
1147,4
1082,4
1402,4
822,4
1008,4
1023,4
664,4
1329,4
836,4
1336,4
864,4
971,4
958,4
521,4
909,4
691,4
570,4
901,4
984,4
852,4
686,4
1045,4
761,4
1303,4
937,4
777,4
950,4
904,4
955,4
1138,4
1189,4
949,4
4187,4
973,4
729,4
892,4
1036,4
948,4
1731,4
1749,4
891,4
608,4
1103,4
577,4
1116,4
2290,3
3138,3
1615,3
1156,3
1516,3
933,3
856,3
1904,3
1029,3
771,3
1152,3
823,3
1059,3
595,3
1069,3
1093,3
1401,3
850,3
1293,3
839,3
1132,3
1136,3
1685,3
1043,3
674,3
764,3
1880,3
780,3
1030,3
993,3
721,3
1449,3
975,3
1381,3
667,3
788,3
1115,3
1733,3
934,3
1503,3
1230,3
1009,3
808,3
1239,3
1774,3
1127,3
1281,3
1106,3
1340,3
907,3
635,3
1041,3
1540,3
906,3
963,3
1310,3
1202,3
1095,3
2496,3
4240,3
855,3
944,3
1232,3
696,3
1089,3
1634,3
1285,3
639,3
875,3
1350,3
1301,3
1076,3
1467,3
1511,3
1791,3
913,3
2095,3
1284,3
1447,3
1280,3
965,3
614,3
2497,3
1521,3
753,3
1244,3
618,3
3110,3
1233,3
769,3
1014,3
656,3
998,3
678,3
1425,3
1259,3
854,3
1773,3
883,3
830,3
1200,3
1455,3
1638,3
1160,3
1179,3
1718,3
847,3
1077,3
1874,3
2340,3
2291,3
997,3
1700,3
794,3
1590,3
1335,3
3426,3
1025,3
734,3
1040,3
1365,3
781,3
1110,3
1064,3
1210,3
2400,3
2147,3
644,3
692,3
1097,3
1635,3
1295,3
927,3
1618,3
1225,3
1058,3
1636,3
1530,3
1096,3
910,3
2092,3
995,3
1348,3
809,3
881,3
1182,3
2467,3
2303,3
1973,3
1393,3
2422,3
905,3
1275,3
924,3
1101,3
1203,3
1826,3
1347,3
733,3
2867,3
935,3
885,3
1735,3
782,3
843,3
1610,3
1504,3
1775,3
1612,3
966,3
878,3
1267,3
1437,3
2037,3
1426,3
1328,3
1046,3
723,3
3310,3
946,3
1453,3
1060,3
738,3
989,3
2170,2
754,2
1470,2
1907,2
4641,2
1953,2
1708,2
2361,2
917,2
1022,2
2732,2
2008,2
1389,2
1193,2
4016,2
1566,2
1829,2
1287,2
1846,2
1119,2
1343,2
1697,2
2828,2
932,2
1157,2
1981,2
3129,2
1352,2
1249,2
1676,2
2342,2
2890,2
1265,2
1163,2
1741,2
1218,2
1257,2
1763,2
3055,2
1264,2
921,2
1546,2
884,2
1306,2
2541,2
1999,2
1190,2
985,2
2736,2
2847,2
1385,2
10223,2
2115,2
1765,2
1246,2
1833,2
2530,2
737,2
2098,2
1598,2
1967,2
6694,2
969,2
717,2
1822,2
1066,2
1010,2
1224,2
1258,2
1277,2
1360,2
1279,2
1126,2
1560,2
1130,2
2390,2
7645,2
1918,2
4845,2
1353,2
2720,2
1527,2
841,2
1271,2
5196,2
1691,2
1153,2
1107,2
1137,2
1183,2
1121,2
1997,2
956,2
3146,2
1067,2
1061,2
1980,2
1002,2
1407,2
1213,2
2958,2
1808,2
1322,2
954,2
1582,2
2102,2
1466,2
3155,2
1551,2
1642,2
1371,2
4146,2
1616,2
1702,2
1793,2
1332,2
846,2
3724,2
760,2
1395,2
912,2
915,2
1783,2
1273,2
2171,2
1443,2
3473,2
3269,2
2158,2
1502,2
2713,2
1019,2
1510,2
3117,2
2038,2
2584,2
1515,2
2938,2
1007,2
8608,2
1657,2
2222,2
867,2
1556,2
1456,2
1404,2
1495,2
1839,2
787,2
887,2
908,2
1294,2
1772,2
1743,2
715,2
957,2
790,2
3866,2
842,2
2401,2
1065,2
2005,2
1499,2
1300,2
2460,2
4485,2
1807,2
1703,2
1201,2
3523,2
1388,2
2801,2
1445,2
2975,2
1117,2
2154,2
2562,2
2810,2
903,2
1108,2
2279,2
837,2
1142,2
824,2
1176,2
1943,2
863,2
1662,2
2516,2
1682,2
4162,2
2104,2
1725,2
931,2
994,2
1998,2
1569,2
2964,2
1205,2
1158,2
1086,2
1576,2
1683,2
1358,2
1321,2
3038,2
2231,2
1493,2
1242,2
1520,2
1782,2
1537,2
926,2
1538,2
943,2
1464,2
2370,2
1078,2
1892,2
3987,2
1419,2
1648,2
740,2
1857,2
1866,2
2013,2
1627,2
1482,2
1850,2
1734,2
4778,2
2968,2
5390,2
2884,2
1162,2
2382,2
874,2
2779,2
816,2
1208,2
1373,2
1214,2
1092,2
1480,2
4872,2
1194,2
1533,2
1668,2
807,2
819,2
1354,2
2614,2
1567,2
970,2
928,2
1474,2
1222,2
1424,2
1102,2
1378,2
3976,2
996,2
3031,2
853,2
3654,2
2737,2
1433,2
2402,2
1235,2
1587,2
2015,2
5030,2
1958,2
1594,2
840,2
2425,2
1109,2
1170,2
1215,2
1525,2
1459,2
1150,2
1817,2
1124,2
1363,2
1083,2
1372,2
2466,2
3263,2
2943,2
2071,2
1174,2
1038,2
2963,2
755,2
4309,2
2315,2
1715,2
2784,2
1256,2
2470,2
1506,2
1585,2
1908,2
920,2
1675,2
1909,2
1316,2
1168,2
1178,2
4460,2
1133,2
1004,2
1557,2
1379,2
2145,2
1653,2
1589,2
1440,2
1302,2
4159,2
1756,2
1599,2
831,2
1795,2
1238,2
2103,2
2893,2
1027,2
1187,2
1314,2
1802,2
2457,2
1063,2
2877,2
2266,2
799,2
1798,2
857,2
1983,2
2817,2
1398,2
1327,2
1758,2
1481,2
2965,2
772,2
1166,2
1392,2
1005,2
1754,2
1053,2
2096,2
1578,2
991,2
1072,2
2379,2
1204,2
802,2
1637,2
862,2
1820,2
1366,2
2251,2
1819,2
2123,2
1600,2
1905,2
1241,2
1173,2
1370,2
1978,2
684,2
2762,2
880,2
1312,2
2261,2
4009,2
1359,2
1649,2
1140,2
2631,2
2023,2
999,2
1223,2
1535,2
11780,2
1323,2
2097,2
6054,2
1624,2
962,2
9145,2
1282,2
6202,2
1452,2
3344,2
1417,2
1992,2
2287,2
1164,2
2270,2
1923,2
1761,2
1514,2
1263,2
1236,2
2140,2
2412,2
825,2
1641,2
2018,2
2647,2
1342,2
3876,2
1180,2
1797,2
1852,2
1276,2
1629,2
1896,2
1298,2
2249,2
10075,1
4063,1
5580,1
2679,1
5076,1
4285,1
236054,1
2180,1
16189,1
19585,1
1484,1
15079,1
24603,1
25100,1
20292,1
7067,1
143850,1
1767,1
1946,1
8833,1
4512,1
17317,1
20519,1
1177,1
6935,1
6283,1
1216,1
5174,1
2292,1
10574,1
91487,1
23660,1
6344,1
3266,1
3257,1
5955,1
7470,1
3857,1
1623,1
2281,1
2758,1
14647,1
4739,1
4801,1
1413,1
2125,1
22315,1
3941,1
2609,1
2138,1
1094,1
5331,1
8491,1
1391,1
2032,1
9914,1
3618,1
396846,1
3245,1
4784,1
2243,1
5205,1
35925,1
11935,1
1968,1
140082,1
11437,1
25675,1
2312,1
2980,1
5173,1
4424,1
3192,1
89059,1
6888,1
16343,1
8332,1
3807,1
1779,1
20094,1
4114,1
29630,1
4244,1
1487,1
10219,1
26831,1
2755,1
7610,1
2572,1
1250,1
5262,1
16744,1
1969,1
4951,1
2558,1
9539,1
4479,1
1212,1
8792,1
3136,1
10514,1
1559,1
5180,1
2590,1
1930,1
1376,1
45749,1
1485,1
5087,1
4823,1
2927,1
2214,1
17971,1
39627,1
1677,1
4806,1
1972,1
35862,1
24104,1
2439,1
3024,1
1403,1
894,1
2113,1
1513,1
163030,1
16601,1
4501,1
4553,1
41177,1
1941,1
3478,1
1333,1
1169,1
157308,1
5988,1
3365,1
3994,1
4310,1
2347,1
29680,1
1013,1
2313,1
3381,1
1260,1
2399,1
11048,1
213876,1
4741,1
4837,1
9528,1
4341,1
2702,1
2978,1
1883,1
2861,1
68449,1
2269,1
3458,1
5285,1
4833,1
14291,1
3601,1
20117,1
2323,1
4214,1
98928,1
2413,1
6115,1
2492,1
2802,1
3143,1
2637,1
56851,1
3314,1
1367,1
8660,1
5499,1
3121,1
9477,1
6951,1
28196,1
122448,1
9950,1
2274,1
9260,1
1848,1
812,1
6454,1
195401,1
3104,1
2428,1
1192,1
2748,1
4425,1
7811,1
13122,1
5611,1
3679,1
3902,1
13159,1
2727,1
8441,1
7931,1
6406,1
1489,1
27402,1
3018,1
3079,1
2984,1
24789,1
66406,1
5191,1
4001,1
9987,1
33369,1
16002,1
78739,1
3901,1
6448,1
2165,1
3025,1
1196,1
12810,1
129147,1
1888,1
44103,1
2635,1
4129,1
2454,1
5731,1
4078,1
12745,1
868,1
67632,1
2452,1
7294,1
2410,1
3135,1
1406,1
2124,1
11199,1
8135,1
7101,1
15982,1
4192,1
2297,1
2286,1
4805,1
1928,1
871,1
2036,1
1944,1
3528,1
3784,1
21081,1
15235,1
9552,1
6047,1
2774,1
26084,1
3154,1
3508,1
1581,1
6916,1
15182,1
3196,1
7657,1
5528,1
90001,1
30689,1
2182,1
8802,1
3220,1
23507,1
2332,1
18064,1
3852,1
4565,1
1692,1
7521,1
5114,1
18099,1
7646,1
1990,1
11771,1
3015,1
142768,1
10237,1
2812,1
1840,1
3564,1
27902,1
9989,1
1446,1
2850,1
2747,1
3132,1
1534,1
3974,1
3751,1
5875,1
15338,1
845,1
2806,1
4188,1
8048,1
1760,1
2007,1
3243,1
4413,1
4636,1
1984,1
3041,1
1146,1
1524,1
4502,1
8935,1
3250,1
40405,1
5367,1
4981,1
3537,1
18582,1
3294,1
2695,1
2954,1
37771,1
977,1
3485,1
4591,1
817,1
4015,1
2438,1
5480,1
28220,1
8605,1
1477,1
707,1
7361,1
16055,1
1644,1
4103,1
2295,1
1844,1
2239,1
10432,1
2595,1
4617,1
8983,1
1952,1
2480,1
3745,1
2146,1
3711,1
5176,1
9571,1
236333,1
6324,1
1088,1
898,1
1753,1
1658,1
1659,1
11639,1
1408,1
2873,1
4352,1
2986,1
1188,1
2063,1
3539,1
12224,1
3754,1
1607,1
4084,1
15144,1
3043,1
3918,1
3306,1
6785,1
52583,1
14207,1
334713,1
1728,1
9074,1
4168,1
3493,1
11526,1
4356,1
2064,1
10610,1
911,1
9404,1
4199,1
838,1
4504,1
8892,1
32424,1
3695,1
1399,1
4337,1
1198,1
3931,1
869,1
2248,1
3550,1
1234,1
1699,1
1752,1
4556,1
5996,1
1292,1
6414,1
5670,1
4880,1
1044,1
30648,1
1803,1
2571,1
3441,1
2111,1
2306,1
938,1
4551,1
1409,1
5148,1
26541,1
3845,1
2909,1
2989,1
16100,1
11243,1
36672,1
1830,1
3351,1
1416,1
4260,1
6877,1
1613,1
15554,1
2000,1
5454,1
4481,1
1742,1
1604,1
35320,1
18342,1
14768,1
2813,1
2604,1
1068,1
3006,1
9821,1
45296,1
25191,1
27939,1
4142,1
8435,1
4107,1
4415,1
23620,1
1544,1
4676,1
2406,1
10126,1
5756,1
8712,1
8049,1
1831,1
3122,1
3569,1
26661,1
2051,1
1574,1
1114,1
1085,1
6622,1
8170,1
5834,1
1689,1
1695,1
2556,1
4785,1
1159,1
3176,1
1748,1
1755,1
11875,1
1394,1
972,1
4735,1
2688,1
2644,1
2236,1
12820,1
2577,1
4657,1
36378,1
33147,1
5400,1
1427,1
1529,1
2929,1
5031,1
6999,1
6045,1
332996,1
4246,1
18806,1
2421,1
2846,1
141814,1
7443,1
12823,1
2117,1
6242,1
2690,1
1518,1
65367,1
2054,1
1491,1
3759,1
1438,1
15117,1
4012,1
10283,1
4780,1
4575,1
10984,1
4788,1
6326,1
2192,1
22388,1
2798,1
6731,1
5673,1
49920,1
5086,1
2953,1
1571,1
13889,1
1561,1
8478,1
16348,1
18292,1
2367,1
4500,1
10564,1
1947,1
2808,1
9553,1
2299,1
815,1
40701,1
1228,1
2722,1
3283,1
3084,1
24146,1
2464,1
39318,1
2078,1
4514,1
1184,1
13285,1
15976,1
129554,1
13641,1
4554,1
21476,1
8900,1
3973,1
2479,1
1631,1
3039,1
6134,1
941,1
1977,1
5340,1
1254,1
28542,1
3892,1
10006,1
6210,1
10301,1
3884,1
11399,1
1274,1
2763,1
1902,1
42540,1
75440,1
1532,1
2797,1
13907,1
1936,1
2371,1
1175,1
24448,1
3034,1
1962,1
1305,1
2459,1
24421,1
1221,1
1847,1
2540,1
2386,1
1586,1
7030,1
6903,1
8381,1
19422,1
1541,1
2997,1
69450,1
34369,1
1595,1
152529,1
1673,1
3163,1
2848,1
3637,1
4002,1
2044,1
7246,1
1341,1
775,1
6574,1
4204,1
4483,1
41380,1
834,1
1894,1
1075,1
4508,1
3935,1
978,1
322498,1
7500,1
11516,1
2617,1
1431,1
1268,1
1384,1
2431,1
1827,1
14481,1
33590,1
1286,1
1199,1
2700,1
3326,1
2854,1
11470,1
4138,1
1052,1
2116,1
3092,1
6331,1
2643,1
35976,1
2684,1
2300,1
1672,1
2757,1
453649,1
7875,1
826,1
6232,1
2746,1
351949,1
1747,1
2087,1
942,1
5169,1
1141,1
2606,1
2185,1
3734,1
3486,1
29484,1
14649,1
184064,1
5141,1
2674,1
9437,1
1255,1
5510,1
13402,1
7195,1
1555,1
2354,1
5083,1
5961,1
6564,1
9029,1
1429,1
6580,1
37211,1
1669,1
56278,1
3831,1
41194,1
1809,1
4966,1
10193,1
2951,1
29379,1
6544,1
1804,1
3440,1
1128,1
53752,1
4986,1
1550,1
2077,1
6829,1
2223,1
11113,1
2667,1
2112,1
34709,1
19348,1
13318,1
58784,1
4529,1
3248,1
3765,1
2446,1
3639,1
10366,1
15207,1
8938,1
6432,1
3606,1
1878,1
9463,1
4427,1
2465,1
30361,1
4112,1
1227,1
2024,1
8507,1
5356,1
1890,1
2566,1
2613,1
1125,1
3767,1
2194,1
5315,1
1496,1
1248,1
5433,1
2733,1
7836,1
711,1
2502,1
8153,1
27058,1
6004,1
8130,1
21398,1
25011,1
17055,1
83329,1
2195,1
3669,1
16823,1
3096,1
35089,1
1033,1
12575,1
1494,1
143301,1
5290,1
1854,1
1656,1
2542,1
134995,1
147012,1
4014,1
1750,1
6278,1
6356,1
2258,1
2636,1
167165,1
2523,1
1646,1
4914,1
2560,1
14859,1
2318,1
54347,1
1478,1
1536,1
195814,1
6222,1
10760,1
2498,1
2394,1
5282,1
4158,1
14536,1
105167,1
4866,1
3217,1
2551,1
8082,1
11574,1
7077,1
108494,1
2857,1
6362,1
12328,1
4828,1
3268,1
5592,1
2142,1
5223,1
50295,1
4094,1
2565,1
5545,1
5155,1
2204,1
2014,1
1768,1
1591,1
14547,1
4835,1
1988,1
8269,1
4842,1
8300,1
7969,1
3394,1
3164,1
7363,1
1872,1
10371,1
2749,1
2321,1
21860,1
2697,1
2048,1
1860,1
3479,1
1167,1
2129,1
7754,1
2089,1
2179,1
17288,1
3255,1
8941,1
10712,1
1018,1
37177,1
1885,1
3147,1
6422,1
4976,1
1688,1
7299,1
1308,1
2202,1
26572,1
11100,1
3587,1
7594,1
2310,1
2666,1
6468,1
6932,1
7110,1
3448,1
17775,1
160623,1
4705,1
3050,1
2348,1
2922,1
10170,1
6092,1
3575,1
11355,1
4397,1
996589,1
3559,1
11371,1
20969,1
1231,1
2426,1
117523,1
4376,1
19504,1
1855,1
91368,1
19727,1
25815,1
39908,1
3887,1
4643,1
3446,1
1948,1
4032,1
3328,1
1786,1
2027,1
2616,1
495012,1
2500,1
4280,1
3530,1
16077,1
7490,1
4564,1
1705,1
6801,1
7292,1
7720,1
3456,1
69514,1
8529,1
3571,1
1266,1
24227,1
21358,1
86172,1
1836,1
35198,1
3750,1
12378,1
7272,1
2576,1
5229,1
117188,1
6490,1
2121,1
4091,1
2218,1
1325,1
3296,1
4161,1
6555,1
2881,1
405293,1
4454,1
12071,1
986,1
43061,1
1720,1
6512,1
13667,1
5250,1
2481,1
2031,1
6884,1
10699,1
378974,1
5227,1
3111,1
3097,1
2899,1
1856,1
10869,1
9111,1
3777,1
12143,1
1959,1
2061,1
1155,1
7422,1
3434,1
9200,1
4658,1
19447,1
1841,1
9433,1
3023,1
1414,1
5230,1
3823,1
12142,1
19464,1
7237,1
1501,1
41110,1
779,1
26700,1
9455,1
4715,1
2518,1
37554,1
5054,1
1098,1
2852,1
3518,1
2376,1
5353,1
34027,1
1625,1
40473,1
49296,1
3445,1
2853,1
3148,1
4079,1
9162,1
7541,1
6295,1
5543,1
1651,1
4056,1
72903,1
1387,1
3864,1
5696,1
1584,1
2045,1
1788,1
9593,1
1861,1
1471,1
1542,1
2033,1
5733,1
19935,1
11440,1
79261,1
2309,1
18153,1
886,1
3160,1
14503,1
1418,1
785,1
13009,1
7960,1
1171,1
10057,1
6461,1
3095,1
5017,1
19462,1
806,1
2210,1
5170,1
4539,1
37287,1
2804,1
5061,1
3045,1
4850,1
3219,1
2782,1
2800,1
2486,1
3252,1
7612,1
6922,1
4026,1
2686,1
1311,1
2507,1
2725,1
1680,1
3461,1
10522,1
1759,1
3722,1
2363,1
7138,1
3772,1
1898,1
14917,1
7987,1
52252,1
2164,1
3005,1
7000,1
10064,1
882,1
1862,1
2879,1
10701,1
11379,1
10501,1
5014,1
2383,1
1331,1
2134,1
1723,1
16405,1
7128,1
28121,1
9971,1
7313,1
1090,1
2004,1
2495,1
3544,1
40994,1
5680,1
2359,1
9398,1
2772,1
4020,1
1816,1
4278,1
2710,1
26092,1
2162,1
6298,1
39110,1
43503,1
1369,1
27857,1
2913,1
1081,1
1654,1
1344,1
1626,1
2843,1
1361,1
1434,1
1811,1
1991,1
2894,1
4646,1
2414,1
3372,1
9362,1
4293,1
63228,1
8222,1
2085,1
11682,1
1920,1
6068,1
27029,1
14027,1
44172,1
37155,1
4611,1
3374,1
1364,1
3342,1
2442,1
1337,1
15015,1
3926,1
28091,1
3030,1
2698,1
5636,1
5498,1
5609,1
9795,1
2514,1
6815,1
3992,1
3349,1
3543,1
7986,1
12418,1
2178,1
6072,1
4677,1
2336,1
1549,1
1283,1
76707,1
5847,1
1771,1
21094,1
4889,1
5720,1
1245,1
2640,1
13079,1
2302,1
2537,1
1415,1
2080,1
1508,1
15994,1
5826,1
17950,1
2998,1
897,1
1141316,1
11498,1
2076,1
2705,1
2079,1
5970,1
5157,1
3542,1
896,1
11670,1
1875,1
4722,1
1071,1
2242,1
5443,1
28409,1
4821,1
1901,1
3579,1
2645,1
4760,1
16109,1
3298,1
2716,1
4215,1
4987,1
6194,1
5938,1
7160,1
6642,1
2723,1
5334,1
9307,1
876,1
2119,1
1632,1
7254,1
8230,1
12152,1
2252,1
1667,1
16578,1
1913,1
16619,1
4195,1
12310,1
2034,1
3883,1
3604,1
4185,1
1940,1
2137,1
974,1
4579,1
3731,1
7010,1
1882,1
1042,1
2175,1
2403,1
4300,1
1016,1
10383,1
1737,1
7620,1
3535,1
17056,1
1935,1
1810,1
3433,1
4685,1
3364,1
3897,1
3049,1
8410,1
1498,1
3151,1
8317,1
2891,1
35808,1
2974,1
1917,1
16910,1
1922,1
5077,1
3166,1
4173,1
11781,1
1719,1
1565,1
2910,1
7887,1
8430,1
8385,1
2155,1
3145,1
3760,1
38152,1
8683,1
1400,1
2559,1
9407,1
3323,1
1954,1
3424,1
3682,1
3082,1
1925,1
36299,1
1745,1
2416,1
1432,1
4025,1
3057,1
4663,1
3590,1
6533,1
6908,1
2206,1
194438,1
1989,1
7428,1
1674,1
2094,1
1181,1
1713,1
19852,1
2588,1
14082,1
1664,1
2682,1
9777,1
1120,1
1355,1
3087,1
2882,1
1497,1
6690,1
5213,1
10000,1
7642,1
2356,1
2247,1
5796,1
2531,1
1602,1
7129,1
1942,1
68994,1
7019,1
21432,1
7976,1
4045,1
5659,1
1345,1
16056,1
2671,1
1707,1
1186,1
1468,1
17347,1
1522,1
3875,1
1982,1
3611,1
41457,1
3027,1
1154,1
12534,1
2226,1
5301,1
1559473,1
940,1
988,1
3415,1
23159,1
2335,1
25808,1
2907,1
877,1
2271,1
2793,1
1633,1
3070,1
6098,1
1832,1
2511,1
2090,1
60125,1
1764,1
3208,1
1876,1
4549,1
3819,1
2633,1
17677,1
3350,1
3227,1
2264,1
3202,1
3026,1
270222,1
6357,1
12482,1
914,1
4261,1
3540,1
2020,1
2771,1
3675,1
8922,1
2469,1
19927,1
23317,1
2945,1
25412,1
1209,1
8258,1
1339,1
4543,1
1825,1
28287,1
2661,1
3214,1
1386,1
2374,1
4567,1
5937,1
3346,1
3596,1
3337,1
6119,1
8957,1
5379,1
3829,1
86410,1
8836,1
2462,1
1564,1
13291,1
1450,1
1006,1
5704,1
5402,1
3706,1
4644,1
5513,1
3128,1
215389,1
2120,1
190898,1
11507,1
6303,1
2126,1
6604,1
1929,1
1523,1
6350,1
2794,1
1439,1
1288,1
23740,1
2246,1
24328,1
10512,1
74476,1
2301,1
1479,1
2655,1
2355,1
5871,1
4478,1
10287,1
2317,1
1211,1
2263,1
4480,1
3851,1
3101,1
2099,1
4897,1
4043,1
3044,1
45964,1
4430,1
5004,1
2330,1
2557,1
2329,1
2320,1
2742,1
3275,1
68052,1
16360,1
1299,1
1778,1
6828,1
1472,1
1099,1
2016,1
2059,1
4151,1
1330,1
8119,1
5771,1
43872,1
4357,1
6012,1
1048,1
13875,1
12483,1
4065,1
1554,1
4266,1
3527,1
1865,1
1349,1
2993,1
2652,1
5442,1
6896,1
12653,1
14591,1
1070,1
23606,1
14362,1
3221,1
1552,1
22652,1
2075,1
5552,1
7252,1
1932,1
3053,1
27605,1
3667,1
4057,1
9465,1
5706,1
2334,1
1135,1
1441,1
1858,1
13047,1
3728,1
1368,1
21023,1
1732,1
14715,1
5776,1
85318,1
2930,1
2677,1
28425,1
2726,1
2862,1
2397,1
4847,1
5798,1
8610,1
4302,1
1269,1
2493,1
1945,1
7028,1
26915,1
5968,1
24523,1
7998,1
2999,1
1605,1
20008,1
1579,1
8594,1
1796,1
11006,1
4858,1
1457,1
20270,1
2818,1
4493,1
4304,1
2650,1
39159,1
1698,1
2874,1
4090,1
4331,1
7328,1
2420,1
1739,1
10866,1
21974,1
5326,1
14130,1
12136,1
215100,1
3595,1
4817,1
9100,1
7957,1
1545,1
2985,1
29547,1
2259,1
3658,1
21559,1
6062,1
1955,1
1800,1
5097,1
1396,1
1220,1
24220,1
37381,1
17656,1
9103,1
10196,1
4209,1
2589,1
2211,1
5521,1
2066,1
3715,1
68258,1
2219,1
1307,1
23809,1
26751,1
16477,1
48392,1
4716,1
4580,1
22507,1
3378,1
449682,1
1253,1
5281,1
2114,1
4776,1
11580,1
14836,1
36288,1
5474,1
12696,1
7588,1
19514,1
2579,1
361487,1
3951,1
6079,1
4286,1
14110,1
3646,1
14381,1
2419,1
88520,1
4681,1
2826,1
6088,1
7106,1
6421,1
4213,1
2786,1
3915,1
2888,1
11671,1
6163,1
1028,1
2189,1
